71
1950
-1 66 46 73 43 27 129 137 106 109 157 143 117 75 95 90 79 42 101 100 92 83 71 204 38 151 89 132 13 38 31 22 108 127 164 153 189 179 212 184 148 213 153 173 30 54 112 178 144 138 94 103 66 47 113 129 95 113 146 84 146 114 103 165 36 21 102 164 126 225 81
26 -1 53 87 57 41 155 163 120 135 171 169 143 101 121 116 105 68 127 126 118 109 97 230 64 177 115 158 39 48 41 32 134 153 190 179 175 165 205 170 134 199 146 166 16 40 98 164 130 124 80 89 52 33 99 124 90 108 160 98 172 128 89 151 62 7 128 150 112 211 95
46 20 -1 72 42 26 175 183 105 155 156 174 163 121 141 136 125 88 147 146 138 129 117 250 84 197 135 178 59 68 61 52 154 173 210 199 195 185 225 190 154 219 166 186 36 60 118 184 150 144 100 109 72 53 119 128 94 112 145 83 192 113 109 171 82 27 148 170 132 231 80
74 48 28 -1 70 54 203 211 91 183 141 159 191 149 169 164 153 116 175 174 166 157 145 278 112 225 163 206 87 96 89 80 182 201 210 222 179 169 209 174 138 203 150 170 64 59 102 168 134 128 84 93 71 52 54 56 22 40 101 69 220 69 93 155 110 55 176 154 116 215 8
82 56 36 30 -1 62 199 189 63 161 114 132 199 157 177 172 161 124 183 182 174 165 153 286 120 221 171 202 95 104 97 88 190 209 240 235 209 199 239 204 168 233 180 200 72 89 132 198 164 158 114 123 101 82 84 86 52 70 103 41 228 71 123 185 118 63 184 184 146 245 38
65 39 19 46 16 -1 194 202 79 174 130 148 182 140 160 155 144 107 166 165 157 148 136 269 103 216 154 197 78 87 80 71 173 192 229 218 214 204 244 209 173 238 185 205 55 79 137 203 169 163 119 128 91 72 100 102 68 86 119 57 211 87 128 190 101 46 167 189 151 250 54
90 126 106 133 103 87 -1 104 109 76 136 110 84 42 62 99 99 75 134 120 125 116 104 224 78 50 122 31 77 109 105 112 141 160 197 186 261 251 245 256 220 285 186 206 120 144 202 268 234 228 184 193 156 137 187 189 155 160 193 131 179 161 193 237 74 111 69 254 216 297 141
104 81 61 55 25 87 14 -1 5 81 34 65 98 56 76 113 113 89 148 134 139 130 118 238 92 64 136 45 91 123 119 113 155 174 211 200 234 224 259 229 193 258 200 220 97 114 157 223 189 183 139 148 126 107 109 111 77 56 89 27 193 57 148 210 88 88 83 209 171 270 63
102 76 56 50 20 82 180 170 -1 142 95 113 204 176 196 192 181 144 203 202 194 185 173 306 140 202 191 183 115 124 117 108 210 229 260 255 229 219 259 224 188 253 200 220 92 109 152 218 184 178 134 143 121 102 104 106 72 51 84 22 248 52 143 205 138 83 203 204 166 265 58
100 109 89 83 53 97 38 28 33 -1 60 34 73 34 54 91 91 67 126 112 117 108 96 216 88 60 114 41 87 119 115 122 133 152 189 178 253 243 237 248 212 277 178 198 125 142 185 251 217 211 167 176 154 135 137 139 105 84 117 55 171 85 176 229 73 116 61 237 199 289 91
147 156 136 130 100 144 85 75 80 47 -1 31 109 81 101 138 138 114 173 159 164 155 143 255 135 107 161 88 134 166 162 169 180 199 236 225 300 290 284 295 259 324 225 245 172 189 232 290 256 250 214 215 201 182 184 186 152 131 119 102 218 120 223 276 120 163 108 276 246 336 138
134 140 120 114 84 131 72 62 64 34 40 -1 91 68 88 122 125 101 160 146 151 142 130 237 122 94 148 75 121 153 149 156 167 186 223 212 287 277 271 282 246 311 212 232 156 173 216 259 225 219 198 184 185 166 168 170 136 115 88 86 205 89 207 263 107 147 95 245 230 323 122
90 156 136 158 128 117 95 103 108 75 135 102 -1 41 21 44 58 48 104 79 98 89 77 173 78 117 95 98 77 109 105 112 114 133 170 159 234 224 218 229 193 258 159 179 120 144 202 251 234 228 184 193 156 137 203 214 180 159 190 130 152 160 193 210 54 111 28 254 216 270 166
75 141 121 117 87 102 54 62 67 34 94 68 42 -1 20 57 57 33 92 78 83 74 62 182 63 76 80 57 62 94 90 97 99 118 155 144 219 209 203 214 178 243 144 164 105 129 187 236 219 213 169 178 141 122 171 173 139 118 151 89 137 119 178 195 39 96 27 239 201 255 125
69 135 115 137 107 96 74 82 87 54 114 88 51 20 -1 37 37 27 83 58 77 68 56 162 57 96 74 77 56 88 84 91 93 112 149 138 213 203 197 208 172 237 138 158 99 123 181 230 213 207 163 172 135 116 182 193 159 138 171 109 131 139 172 189 33 90 7 233 195 249 145
106 172 152 174 144 133 111 119 124 91 151 122 44 57 37 -1 54 64 69 44 114 105 93 147 94 133 111 114 93 125 121 128 130 149 186 175 250 240 234 245 209 274 175 195 136 160 218 267 250 244 200 209 172 153 219 230 196 175 208 146 168 176 209 226 70 127 44 270 232 286 182
117 183 163 185 155 144 122 130 135 102 162 133 55 68 48 11 -1 75 46 21 97 88 76 125 105 144 94 125 104 136 132 139 113 132 169 158 233 223 217 228 192 257 158 178 147 171 223 250 261 255 211 220 183 164 230 241 207 186 219 157 151 187 220 209 81 138 55 281 237 269 193
42 108 88 115 85 69 87 95 100 67 127 101 75 33 53 48 37 -1 59 58 50 41 29 162 30 109 47 90 29 61 57 64 66 85 122 111 186 176 170 181 145 210 111 131 72 96 154 203 186 180 136 145 108 89 155 171 137 151 184 122 104 152 145 162 6 63 60 206 168 222 123
71 137 117 144 114 98 116 124 129 96 156 130 90 62 82 46 35 29 -1 56 51 42 30 160 59 138 48 119 58 90 86 93 67 86 123 112 187 177 171 182 146 211 112 132 101 125 177 204 215 209 165 174 137 118 184 200 166 180 213 151 105 181 174 163 35 92 89 235 191 223 152
96 162 142 169 139 123 141 149 154 121 181 155 96 87 89 52 41 54 25 -1 76 67 55 104 84 163 73 144 83 115 111 118 92 111 148 137 212 202 196 207 171 236 137 157 126 150 202 229 240 234 190 199 162 143 209 225 191 205 238 176 130 206 199 188 60 117 96 260 216 248 177
158 224 204 231 201 185 186 194 199 166 226 197 119 132 112 75 103 116 87 62 -1 129 117 114 146 208 135 189 145 177 173 180 154 173 210 199 270 260 241 269 233 294 199 219 188 212 264 291 302 296 252 261 224 205 271 287 253 250 283 221 192 251 261 250 122 179 119 322 278 306 239
89 155 135 162 132 116 134 142 147 114 174 148 108 80 100 64 53 47 18 71 9 -1 48 123 77 156 66 137 76 108 104 111 85 104 141 130 205 195 189 200 164 229 130 150 119 143 195 222 233 227 183 192 155 136 202 218 184 198 231 169 123 199 192 181 53 110 107 253 209 241 170
76 142 122 149 119 103 146 154 159 126 186 160 120 92 112 76 65 59 30 83 21 12 -1 135 38 168 18 149 63 69 65 74 37 56 93 82 157 147 141 152 116 181 82 102 106 130 147 174 211 191 170 179 142 123 189 205 171 189 222 160 75 190 179 133 62 97 119 217 161 193 157
125 190 170 198 168 152 195 203 208 175 235 209 165 141 158 121 114 108 79 108 46 61 49 -1 87 217 67 198 112 118 114 123 60 79 98 105 175 165 146 175 139 199 105 125 133 157 170 197 234 214 197 206 169 150 216 241 207 225 271 209 80 239 206 156 111 142 165 240 184 211 206
38 104 84 111 81 65 117 125 130 97 157 131 105 63 83 78 67 30 89 88 80 71 59 192 -1 139 77 120 25 31 27 36 96 115 152 141 216 206 200 211 175 240 141 161 68 92 150 216 182 176 132 141 104 85 151 167 133 151 184 122 134 152 141 192 24 59 90 202 164 252 119
40 76 56 83 53 37 117 125 116 97 157 131 105 63 83 78 67 30 89 88 80 71 59 192 28 -1 77 55 27 59 55 62 96 115 152 141 216 206 200 211 175 240 141 161 70 94 152 218 184 178 134 143 106 87 137 139 105 123 156 94 134 124 143 192 24 61 90 204 166 252 91
58 124 104 131 101 85 137 145 150 117 177 151 125 83 103 98 87 50 109 108 100 91 79 163 20 159 -1 140 45 51 47 56 19 38 75 64 139 129 123 134 98 163 64 84 88 112 129 156 193 173 152 161 124 105 171 187 153 171 204 142 57 172 161 115 44 79 110 199 143 175 139
59 95 75 102 72 56 65 73 78 45 105 79 53 11 31 68 68 44 103 89 94 85 73 193 47 19 91 -1 46 78 74 81 110 129 166 155 230 220 214 225 189 254 155 175 89 113 171 237 203 197 153 162 125 106 156 158 124 129 162 100 148 130 162 206 43 80 38 223 185 266 110
13 79 59 86 56 40 116 124 119 96 156 130 104 62 82 77 66 29 88 87 79 70 58 191 25 138 76 119 -1 32 28 35 95 114 151 140 202 192 199 197 161 226 140 160 43 67 125 191 157 151 107 116 79 60 126 142 108 126 159 97 133 127 116 178 23 34 89 177 139 238 94
38 104 84 111 81 65 148 156 144 128 188 162 136 94 114 109 98 61 120 119 111 102 90 223 31 170 108 151 32 -1 7 16 127 146 183 172 209 199 231 204 168 233 172 192 50 74 132 198 164 158 114 123 86 67 133 158 124 142 184 122 165 152 123 185 55 41 121 184 146 245 119
31 97 77 104 74 58 155 163 137 135 188 169 143 101 121 116 105 68 127 126 118 109 97 230 38 177 115 158 39 7 -1 9 134 153 190 179 202 192 232 197 161 226 173 193 43 67 125 191 157 151 107 116 79 60 126 151 117 135 177 115 172 145 116 178 62 34 128 177 139 238 112
22 88 68 95 65 49 151 159 128 131 179 165 139 97 117 112 101 64 123 122 114 105 93 226 47 173 111 154 35 16 9 -1 130 149 186 175 193 183 223 188 152 217 164 184 34 58 116 182 148 142 98 107 70 51 117 142 108 126 168 106 168 136 107 169 58 25 124 168 130 229 103
103 130 110 176 146 130 218 226 209 198 258 232 192 164 184 148 137 131 102 155 93 84 72 144 110 240 90 221 116 123 116 107 -1 19 56 45 120 110 104 115 79 144 45 65 73 97 110 137 174 154 137 146 109 90 156 181 147 165 226 187 38 194 146 96 134 82 191 180 124 156 184
143 176 156 216 186 170 213 221 226 193 253 227 187 159 179 143 132 126 97 150 88 79 67 139 105 235 85 216 130 136 132 141 46 -1 45 57 122 112 93 150 125 146 91 111 119 143 156 172 209 189 183 192 155 136 202 227 193 211 272 227 27 240 192 132 129 128 186 215 170 158 224
106 133 113 179 149 133 235 243 212 215 263 249 211 181 201 167 156 148 121 174 112 103 91 147 129 257 109 238 119 126 119 110 75 29 -1 12 80 70 51 108 82 104 48 68 76 100 113 130 167 147 140 149 112 93 159 184 150 168 229 190 34 197 149 90 142 85 208 173 127 116 187
94 121 101 167 137 121 223 231 200 203 251 237 204 169 189 160 149 136 114 167 105 96 84 156 122 245 102 226 107 114 107 98 63 17 12 -1 92 82 63 106 70 116 36 56 64 88 101 128 165 145 128 137 100 81 147 172 138 156 217 178 44 185 137 87 130 73 196 171 115 128 175
137 164 144 210 180 164 266 274 238 246 288 280 242 212 232 198 187 179 152 205 143 134 122 174 160 288 140 269 150 157 150 141 106 60 31 43 -1 49 30 87 85 83 79 99 107 131 116 109 146 126 159 168 131 124 178 203 169 187 248 216 65 216 153 69 173 116 239 152 130 95 214
104 131 111 176 147 131 233 241 189 213 239 247 221 179 199 194 183 146 162 204 153 144 132 184 142 255 150 236 117 124 117 108 116 70 41 53 10 -1 40 72 36 34 46 66 74 86 67 94 131 111 110 119 82 91 129 154 120 138 199 167 75 167 119 53 140 83 206 137 81 46 165
123 150 130 195 166 150 252 260 208 232 258 266 240 198 218 213 202 165 181 223 172 163 151 165 161 274 169 255 136 143 136 127 135 89 60 72 29 19 -1 57 55 53 65 85 93 105 86 79 116 96 129 138 101 110 148 173 139 157 218 186 76 186 123 39 159 102 225 122 100 65 184
140 167 147 182 183 167 269 277 195 249 245 263 257 215 235 230 219 182 208 240 199 190 178 230 178 291 196 272 153 160 153 144 162 116 87 99 56 46 67 -1 82 80 92 112 110 92 73 22 59 39 81 90 88 127 122 160 126 144 186 173 121 173 66 53 176 119 242 65 87 92 171
98 125 105 140 141 125 227 235 153 207 203 221 215 173 193 188 177 140 193 198 184 175 163 215 136 249 181 230 111 118 111 102 147 101 72 84 41 31 71 36 -1 65 77 97 68 50 31 58 95 75 74 83 46 85 93 118 84 102 163 131 106 131 83 17 134 77 200 101 45 77 129
70 97 77 143 113 97 199 207 176 179 227 213 187 145 165 160 149 112 144 170 135 126 114 186 108 221 132 202 83 90 83 74 93 47 42 30 87 77 93 82 46 -1 12 32 40 64 77 104 141 121 104 113 76 57 123 148 114 132 193 154 74 161 113 63 106 49 172 147 91 12 151
58 85 65 131 101 85 187 195 164 167 215 201 175 133 153 148 137 100 159 158 150 141 129 249 96 209 147 190 71 78 71 62 166 135 106 118 75 65 105 70 34 99 -1 20 28 52 65 92 129 109 92 101 64 45 111 136 102 120 181 142 140 149 101 51 94 37 160 135 79 111 139
38 65 45 111 81 65 167 175 144 147 195 181 155 113 133 128 117 80 139 138 130 121 109 242 76 189 127 170 51 58 51 42 146 148 119 131 88 78 118 83 47 112 59 -1 8 32 78 105 122 116 72 81 44 25 91 116 82 100 161 122 153 129 81 64 74 17 140 142 92 124 119
30 57 37 103 73 57 159 167 136 139 187 173 147 105 125 120 109 72 131 130 122 113 101 234 68 181 119 162 43 50 43 34 138 157 190 183 159 149 189 154 118 183 130 150 -1 24 82 148 114 108 64 73 36 17 83 108 74 92 153 114 176 121 73 135 66 9 132 134 96 195 111
48 75 55 121 91 75 177 185 154 157 205 191 165 123 143 138 127 90 149 148 140 131 119 252 86 199 137 180 61 68 61 52 156 175 208 201 177 167 207 172 136 201 148 168 18 -1 100 166 132 126 82 91 54 35 101 126 92 110 171 132 194 139 91 153 84 27 150 152 114 213 129
67 94 74 109 110 94 196 204 122 176 172 190 184 142 162 157 146 109 168 167 159 150 138 251 105 218 156 199 80 87 80 71 175 137 108 120 77 67 107 72 36 101 48 68 37 19 -1 94 93 87 43 52 15 54 62 87 53 71 132 100 142 100 52 53 103 46 169 113 14 113 98
118 145 125 160 161 145 247 255 173 227 223 241 235 193 213 208 197 160 219 218 210 201 189 267 156 269 207 250 131 138 131 122 199 153 124 136 93 83 104 37 87 117 99 119 88 70 51 -1 96 17 59 68 66 105 100 138 104 122 164 151 158 151 44 90 154 97 220 43 65 129 149
120 147 127 162 163 147 249 257 175 229 207 225 237 195 215 210 199 162 221 220 212 203 191 282 158 271 209 252 133 140 133 124 221 175 146 158 115 105 117 59 89 139 101 121 90 72 53 34 -1 15 57 41 68 107 73 140 106 124 137 153 180 153 44 106 156 99 222 41 67 151 151
105 132 112 147 148 132 234 242 160 214 210 228 222 180 200 195 184 147 206 205 197 188 176 289 143 256 194 237 118 125 118 109 213 175 146 158 115 105 145 110 74 139 86 106 75 57 38 126 92 -1 42 51 53 92 83 125 91 109 147 138 180 138 29 91 141 84 207 26 52 151 136
149 160 140 131 164 166 260 250 144 222 175 193 266 224 244 239 228 191 250 249 241 232 220 332 187 282 238 263 162 169 162 153 257 219 190 202 159 149 167 109 118 183 130 150 119 101 82 84 50 44 -1 9 97 136 41 168 134 93 105 122 224 122 73 135 185 128 251 70 96 195 120
140 151 131 122 155 157 251 241 135 213 166 184 257 215 235 230 219 182 241 240 232 223 211 323 178 273 229 254 153 160 153 144 248 210 181 193 150 140 158 100 109 174 121 141 110 92 73 75 41 35 62 -1 88 127 32 159 125 84 96 113 215 113 64 126 176 119 242 61 87 186 111
100 80 60 94 102 86 229 232 107 204 157 175 217 175 195 190 179 142 201 200 192 183 171 297 138 251 189 232 113 120 113 104 208 183 154 166 123 113 153 118 82 147 94 114 70 52 46 112 78 72 28 37 -1 45 47 72 38 56 117 85 188 85 37 99 136 79 202 98 60 159 83
55 82 62 113 98 82 184 192 126 164 176 194 172 130 150 145 134 97 156 155 147 138 126 259 93 206 144 187 68 75 68 59 163 182 173 185 142 132 172 137 101 166 113 133 25 7 65 131 97 91 47 56 19 -1 66 91 57 75 136 104 201 104 56 118 91 34 157 117 79 178 102
115 142 122 131 158 142 244 250 144 222 175 193 232 190 210 205 194 157 216 215 207 198 186 299 153 266 204 247 128 135 128 119 223 185 156 168 125 115 155 120 84 149 96 116 85 67 48 114 80 74 30 39 63 102 -1 135 101 93 105 122 190 122 39 101 151 94 217 100 62 161 120
141 162 142 133 166 168 262 252 146 224 177 195 258 216 236 231 220 183 242 241 233 224 212 325 179 284 230 265 154 161 154 145 249 211 182 194 151 141 181 146 110 175 122 142 111 93 74 126 92 86 56 51 89 128 26 -1 127 95 107 124 216 124 65 127 177 120 243 112 88 187 122
94 74 54 56 89 80 204 194 69 166 119 137 211 169 189 184 173 136 195 194 186 177 165 298 132 226 183 207 107 114 107 98 202 221 197 209 166 156 196 161 125 190 137 157 64 46 89 155 121 115 71 80 58 39 41 34 -1 18 79 47 231 47 80 142 130 73 196 141 103 202 45
93 67 47 38 71 73 186 176 51 148 101 119 210 168 188 183 172 135 194 193 185 176 164 297 131 208 182 189 106 115 108 99 201 220 229 241 198 188 228 193 157 222 169 189 83 78 121 181 147 141 103 106 90 71 73 75 41 -1 61 29 239 29 112 174 129 74 195 167 135 234 27
122 96 76 67 100 102 155 145 80 117 70 88 179 151 171 208 201 164 223 222 214 205 193 325 160 177 211 158 135 144 137 128 230 249 258 270 227 217 254 196 186 251 198 218 112 107 150 171 137 131 132 96 119 100 102 104 70 29 -1 58 268 58 141 203 158 103 178 157 164 263 56
113 87 67 39 42 93 158 148 22 120 73 91 182 154 174 203 192 155 214 213 205 196 184 317 151 180 202 161 126 135 128 119 221 240 249 261 218 208 248 213 177 242 189 209 103 98 141 207 173 167 123 132 110 91 93 95 61 29 62 -1 259 30 132 194 149 94 181 193 155 254 47
162 189 169 235 205 189 255 263 268 235 295 269 228 201 221 184 174 168 139 171 130 121 109 113 147 277 127 258 172 178 174 166 120 85 56 68 105 95 76 133 131 129 104 124 132 156 162 155 192 172 196 205 168 149 215 240 206 224 285 246 -1 253 199 115 171 141 228 198 176 141 243
154 128 108 99 109 134 157 147 89 119 72 90 181 153 173 210 210 186 245 231 236 227 215 327 192 179 233 160 167 176 169 160 252 271 290 297 259 249 286 228 218 283 230 250 144 139 182 203 169 163 164 128 151 132 134 136 102 61 32 67 290 -1 173 235 190 135 180 189 196 295 88
76 103 83 118 119 103 205 213 131 185 181 199 193 151 171 166 155 118 177 176 168 159 147 260 114 227 165 208 89 96 89 80 184 146 117 129 86 76 116 81 45 110 57 77 46 28 9 103 102 96 52 61 24 63 71 96 62 80 141 109 151 109 -1 62 112 55 178 122 23 122 107
118 145 125 190 161 145 247 255 203 227 253 261 235 193 213 208 197 160 176 218 167 158 146 198 156 269 164 250 131 138 131 122 130 84 55 67 24 14 54 86 50 48 60 80 88 100 81 108 145 125 124 133 96 105 143 168 134 152 213 181 89 181 133 -1 154 97 220 151 95 60 179
36 102 82 109 79 63 93 101 106 73 133 107 81 39 59 54 43 6 65 64 56 47 35 168 24 115 53 96 23 55 51 58 72 91 128 117 192 182 176 187 151 216 117 137 66 90 148 209 180 174 130 139 102 83 149 165 131 149 182 120 110 150 139 168 -1 57 66 200 162 228 117
21 66 46 94 64 48 150 158 127 130 178 164 138 96 116 111 100 63 122 121 113 104 92 225 59 172 110 153 34 41 34 25 129 148 185 174 168 158 198 163 127 192 139 159 9 33 91 157 123 117 73 82 45 26 92 117 83 101 162 105 167 130 82 144 57 -1 123 143 105 204 102
62 128 108 135 105 89 80 88 93 60 120 94 68 26 46 68 57 20 79 78 70 61 49 182 50 102 67 83 49 81 77 84 86 105 142 131 206 196 190 201 165 230 131 151 92 116 174 223 206 200 156 165 128 109 175 191 157 144 177 115 124 145 165 182 26 83 -1 226 188 242 143
165 176 156 147 180 182 276 266 160 238 191 209 282 240 260 255 244 207 266 265 257 248 236 348 203 298 254 279 178 185 178 169 273 235 206 218 175 165 183 125 134 199 146 166 135 117 98 100 66 60 16 25 113 152 57 184 150 109 121 138 240 138 89 151 201 144 267 -1 112 211 136
92 119 99 162 135 119 221 229 175 201 225 235 209 167 187 182 171 134 193 192 184 175 163 237 130 243 181 224 105 112 105 96 169 123 94 106 63 53 93 58 22 87 34 54 62 72 53 80 117 97 96 105 68 79 115 140 106 124 185 153 128 153 105 39 128 71 194 123 -1 99 151
94 121 101 167 137 121 223 231 200 203 251 237 211 169 189 178 167 136 132 185 123 114 102 174 132 245 120 226 107 114 107 98 81 35 30 18 110 100 81 106 70 134 36 56 64 88 101 128 165 145 128 137 100 81 147 172 138 156 217 178 62 185 137 87 130 73 196 171 115 -1 175
66 40 20 70 62 46 195 203 83 175 133 151 183 141 161 156 145 108 167 166 158 149 137 270 104 217 155 198 79 88 81 72 174 193 202 214 171 161 201 166 130 195 142 162 56 51 94 160 126 120 76 85 63 44 46 48 14 32 93 61 212 61 85 147 102 47 168 146 108 207 -1