13
4985
-1 10 20 30 40 50 60 70 80 90 100 110 120
5  -1 25 35 45 55 65 75 85 95 105 115 125
15 130 -1 135 145 155 165 175 185 195 205 215 225
25 140 150 -1 160 170 180 190 200 210 220 230 235
35 240 250 255 -1 260 270 280 290 300 310 320 330
45 335 340 345 350 -1 360 370 380 390 400 410 420
55 425 430 435 440 445 -1 450 460 470 480 490 500
65 505 510 515 520 525 530 -1 540 550 560 570 580
75 585 590 595 600 605 610 615 -1 620 630 640 650
85 655 660 665 670 675 680 685 690 -1 700 710 720
95 725 730 735 740 745 750 755 760 765 -1 770 780
105 785 790 795 800 805 810 815 820 825 830 -1 840
115 845 850 855 860 865 870 875 880 885 890 895 -1