17
77
-1 11 45 22 32 29 30 13 9 36 5 13 30 1 29 32 42
25 -1 47 5 24 44 20 36 17 8 15 28 41 12 47 4 3
50 18 -1 43 40 16 46 3 44 47 40 21 17 33 42 6 11
6 11 32 -1 46 39 44 18 41 39 9 25 11 15 38 39 36
41 25 27 45 -1 43 1 49 32 44 47 16 6 43 3 21 4
47 17 20 30 44 -1 5 41 17 40 28 47 2 44 30 35 44
38 14 41 17 21 17 -1 21 7 3 34 8 38 1 23 19 5
40 50 37 3 30 46 34 -1 50 46 40 6 6 3 22 25 26
38 29 9 42 41 7 50 13 -1 42 1 49 13 7 3 36 37
15 29 10 35 30 14 37 3 13 -1 43 4 15 4 22 14 39
34 3 28 14 39 49 29 34 13 50 -1 8 2 25 15 5 34
39 35 15 30 20 40 24 13 45 46 16 -1 47 38 47 10 2
4 30 46 17 8 26 20 46 15 36 21 32 -1 39 5 28 13
7 8 31 11 3 44 47 43 31 6 12 25 10 -1 8 28 15
29 4 38 33 49 36 24 35 32 25 21 20 36 44 -1 48 34
6 14 11 40 7 36 24 27 9 44 3 41 24 27 26 -1 2
43 36 11 32 6 18 49 34 41 30 17 35 23 32 40 14 -1