12
3765
-1 10 20 30 40 50 60 70 80 90 100 110
5  -1 25 35 45 55 65 75 85 95 105 115
15 120 -1 125 135 145 155 165 175 185 195 205
25 130 140 -1 150 160 170 180 190 200 210 215
35 220 230 235 -1 240 250 260 270 280 290 300
45 305 310 315 320 -1 330 340 350 360 370 380
55 385 390 395 400 405 -1 410 420 430 440 450
65 455 460 465 470 475 480 -1 490 500 510 520
75 525 530 535 540 545 550 555 -1 560 570 580
85 585 590 595 600 605 610 615 620 -1 630 640
95 645 650 655 660 665 670 675 680 685 -1 690
105 695 700 705 710 715 720 725 730 735 740 -1