Parowanie = 0.25; Alfa = 1; Beta = 2; Stala = 5; 
5;0.03;0.00;0.00;0.00;
6;0.04;0.00;0.00;0.00;
7;0.13;0.00;0.00;0.00;
8;0.07;0.00;0.00;0.00;
9;0.18;0.00;0.00;0.00;
10;0.23;0.00;0.00;0.00;
11;2.56;0.01;1.28;2.00;
12;1.11;0.00;0.00;0.00;
13;4.81;0.02;1.72;3.00;
5;0.02;0.00;0.00;0.00;
6;0.07;0.00;0.00;0.00;
7;0.14;0.00;0.00;0.00;
8;0.26;0.00;0.00;0.00;
9;0.96;0.02;1.82;25.00;
10;1.23;0.01;1.26;25.00;
11;1.91;0.01;1.08;30.00;
12;3.41;0.01;0.53;20.00;
13;2.11;0.01;1.30;65.00;
17;5.78;0.09;9.09;7.00;
34;161.10;0.04;3.97;51.00;
65;412.39;0.10;9.80;180.20;
100;2854.49;0.13;13.41;4858.20;
171;11637.45;0.21;20.74;571.40;
14;5.51;0.03;2.65;88.00;
29;53.11;0.03;2.80;45.00;
100;2635.18;0.11;10.77;2293.00;
137;6900.23;0.11;11.07;7735.40;
150;10783.25;0.11;11.22;2932.00;
200;21484.35;0.14;14.02;4128.40;
Parowanie = 0.25; Alfa = 1; Beta = 3; Stala = 5; 
5;0.03;0.00;0.00;0.00;
6;0.13;0.00;0.00;0.00;
7;0.06;0.00;0.00;0.00;
8;0.37;0.00;0.00;0.00;
9;0.23;0.00;0.00;0.00;
10;0.24;0.00;0.00;0.00;
11;1.68;0.02;1.92;3.00;
12;0.36;0.00;0.00;0.00;
13;2.18;0.01;0.57;1.00;
5;0.03;0.00;0.00;0.00;
6;0.04;0.00;0.00;0.00;
7;0.11;0.00;0.00;0.00;
8;0.51;0.00;0.00;0.00;
9;0.10;0.00;0.00;0.00;
10;3.04;0.01;0.50;10.00;
11;2.15;0.01;0.90;25.00;
12;4.28;0.01;0.80;30.00;
13;5.73;0.01;0.70;35.00;
17;10.15;0.06;6.49;5.00;
34;51.89;0.09;9.18;118.00;
65;635.84;0.07;7.34;135.00;
100;3328.64;0.12;11.93;4321.40;
171;10506.28;0.19;19.00;523.40;
14;3.62;0.03;2.65;88.00;
29;50.82;0.04;3.85;62.00;
100;2014.84;0.11;10.77;2292.20;
137;6934.98;0.09;9.27;6475.20;
150;9305.15;0.11;10.83;2828.60;
200;20248.37;0.13;13.23;3893.40;
Parowanie = 0.25; Alfa = 1; Beta = 5; Stala = 5; 
5;0.03;0.00;0.00;0.00;
6;0.04;0.00;0.00;0.00;
7;0.06;0.00;0.00;0.00;
8;0.22;0.00;0.00;0.00;
9;0.27;0.00;0.00;0.00;
10;0.12;0.00;0.00;0.00;
11;1.56;0.01;1.28;2.00;
12;0.91;0.00;0.00;0.00;
13;3.88;0.01;1.15;2.00;
5;0.03;0.00;0.00;0.00;
6;0.04;0.00;0.00;0.00;
7;0.14;0.00;0.00;0.00;
8;0.20;0.00;0.00;0.00;
9;0.18;0.00;0.00;0.00;
10;1.74;0.01;0.50;10.00;
11;2.38;0.01;0.90;25.00;
12;2.93;0.00;0.40;15.00;
13;3.15;0.01;0.70;35.00;
17;6.89;0.06;6.49;5.00;
34;36.74;0.09;8.79;113.00;
65;694.00;0.09;9.14;168.00;
100;2221.91;0.13;12.61;4566.80;
171;7696.83;0.20;20.33;560.20;
14;2.94;0.03;2.65;88.00;
29;39.17;0.05;4.70;75.60;
100;2099.87;0.10;10.17;2163.80;
137;4437.87;0.09;9.14;6385.00;
150;9040.48;0.09;9.17;2395.40;
200;15036.64;0.12;12.50;3678.40;
Parowanie = 0.25; Alfa = 3; Beta = 2; Stala = 5; 
5;0.05;0.00;0.00;0.00;
6;0.04;0.00;0.00;0.00;
7;0.06;0.00;0.00;0.00;
8;0.14;0.00;0.00;0.00;
9;0.18;0.00;0.00;0.00;
10;0.23;0.00;0.00;0.00;
11;1.57;0.04;4.49;7.00;
12;2.47;0.01;1.13;2.00;
13;2.82;0.03;3.45;6.00;
5;0.02;0.00;0.00;0.00;
6;0.45;0.03;2.82;10.00;
7;0.05;0.00;0.00;0.00;
8;0.44;0.00;0.00;0.00;
9;1.51;0.01;0.73;10.00;
10;1.73;0.01;0.76;15.00;
11;2.08;0.01;0.90;25.00;
12;5.32;0.01;0.66;25.00;
13;4.89;0.01;0.70;35.00;
17;5.40;0.09;9.09;7.00;
34;27.88;0.00;0.00;0.00;
65;314.57;0.14;13.79;253.60;
100;1611.67;0.13;12.83;4647.00;
171;5412.99;0.22;21.60;595.20;
14;4.76;0.03;2.65;88.00;
29;34.22;0.05;5.03;81.00;
100;1649.51;0.12;11.69;2488.40;
137;4000.37;0.11;10.51;7341.40;
150;4678.98;0.12;12.34;3223.40;
200;14701.29;0.13;12.75;3752.60;
Parowanie = 0.25; Alfa = 3; Beta = 3; Stala = 5; 
5;0.03;0.00;0.00;0.00;
6;0.07;0.00;0.00;0.00;
7;0.06;0.00;0.00;0.00;
8;0.07;0.00;0.00;0.00;
9;0.10;0.00;0.00;0.00;
10;0.24;0.00;0.00;0.00;
11;1.53;0.02;1.92;3.00;
12;1.92;0.01;1.13;2.00;
13;2.81;0.02;2.30;4.00;
5;0.03;0.00;0.00;0.00;
6;0.04;0.00;0.00;0.00;
7;0.27;0.00;0.00;0.00;
8;0.32;0.00;0.00;0.00;
9;1.39;0.01;1.09;15.00;
10;1.82;0.01;0.50;10.00;
11;3.13;0.00;0.36;10.00;
12;3.76;0.01;0.53;20.00;
13;3.59;0.01;0.90;45.00;
17;5.85;0.08;7.79;6.00;
34;44.12;0.04;4.12;53.00;
65;330.01;0.12;12.45;229.00;
100;1674.80;0.13;12.55;4547.40;
171;4678.98;0.22;21.54;593.40;
14;5.80;0.03;2.65;88.00;
29;37.82;0.06;5.96;96.00;
100;1316.09;0.12;11.97;2548.00;
137;3696.04;0.13;13.04;9111.60;
150;5383.13;0.13;12.84;3355.40;
200;15289.75;0.11;11.08;3260.60;
Parowanie = 0.25; Alfa = 3; Beta = 5; Stala = 5; 
5;0.03;0.00;0.00;0.00;
6;0.04;0.00;0.00;0.00;
7;0.15;0.00;0.00;0.00;
8;0.08;0.00;0.00;0.00;
9;0.10;0.00;0.00;0.00;
10;0.12;0.00;0.00;0.00;
11;1.44;0.01;1.28;2.00;
12;1.80;0.01;1.13;2.00;
13;3.80;0.02;1.72;3.00;
5;0.03;0.00;0.00;0.00;
6;0.04;0.00;0.00;0.00;
7;0.15;0.00;0.00;0.00;
8;0.41;0.00;0.00;0.00;
9;0.27;0.00;0.00;0.00;
10;2.08;0.01;0.50;10.00;
11;2.43;0.01;0.72;20.00;
12;2.67;0.01;0.66;25.00;
13;3.23;0.01;0.50;25.00;
17;9.74;0.03;2.60;2.00;
34;59.83;0.08;8.24;106.00;
65;339.74;0.15;14.94;274.80;
100;1361.31;0.13;12.70;4600.00;
171;4568.85;0.24;24.36;671.20;
14;5.08;0.03;2.65;88.00;
29;50.46;0.09;9.01;145.00;
100;1072.22;0.13;12.93;2752.20;
137;3235.20;0.11;10.70;7470.80;
150;4319.34;0.14;13.97;3649.80;
200;11398.83;0.12;11.51;3388.20;
Parowanie = 0.25; Alfa = 5; Beta = 2; Stala = 5; 
5;0.03;0.00;0.00;0.00;
6;0.10;0.00;0.00;0.00;
7;0.06;0.00;0.00;0.00;
8;0.73;0.09;8.70;10.00;
9;0.36;0.00;0.00;0.00;
10;0.13;0.00;0.00;0.00;
11;1.45;0.03;2.56;4.00;
12;1.81;0.11;10.73;19.00;
13;2.45;0.02;2.30;4.00;
5;0.23;0.07;7.50;15.00;
6;0.32;0.03;2.82;10.00;
7;0.51;0.03;2.59;15.00;
8;0.20;0.00;0.00;0.00;
9;0.43;0.00;0.00;0.00;
10;2.12;0.01;1.01;20.00;
11;1.85;0.01;0.90;25.00;
12;2.12;0.01;1.20;45.00;
13;2.58;0.01;1.10;55.00;
17;6.62;0.26;25.97;20.00;
34;43.75;0.13;13.37;172.00;
65;302.78;0.14;14.48;266.20;
100;1512.83;0.14;13.60;4928.60;
171;4930.93;0.29;29.12;802.20;
14;3.74;0.03;2.65;88.00;
29;22.14;0.14;13.91;224.00;
100;1495.60;0.12;12.09;2572.60;
137;3346.13;0.13;12.50;8735.00;
150;4510.12;0.14;13.87;3623.20;
200;11277.11;0.14;14.19;4176.60;
Parowanie = 0.25; Alfa = 5; Beta = 3; Stala = 5; 
5;0.33;0.03;3.06;3.00;
6;0.07;0.00;0.00;0.00;
7;0.47;0.06;5.56;5.00;
8;0.08;0.00;0.00;0.00;
9;0.85;0.19;19.05;20.00;
10;1.13;0.00;0.47;1.00;
11;1.43;0.02;1.92;3.00;
12;2.05;0.07;6.78;12.00;
13;2.17;0.06;5.75;10.00;
5;0.09;0.00;0.00;0.00;
6;0.32;0.03;2.82;10.00;
7;0.11;0.00;0.00;0.00;
8;0.65;0.01;1.08;10.00;
9;0.95;0.01;1.09;15.00;
10;1.34;0.01;1.01;20.00;
11;1.95;0.01;0.72;20.00;
12;2.96;0.00;0.27;10.00;
13;3.91;0.01;0.70;35.00;
17;10.49;0.21;20.78;16.00;
34;44.24;0.09;9.47;121.80;
65;266.44;0.14;14.15;260.20;
100;1464.32;0.12;11.62;4208.80;
171;5011.52;0.25;25.39;699.60;
14;2.66;0.05;5.24;174.00;
29;29.88;0.08;8.39;135.00;
100;1128.52;0.12;12.44;2648.20;
137;3581.23;0.11;10.84;7570.00;
150;4811.19;0.12;12.21;3191.00;
200;9101.68;0.15;15.07;4435.60;
Parowanie = 0.25; Alfa = 5; Beta = 5; Stala = 5; 
5;0.03;0.00;0.00;0.00;
6;0.04;0.00;0.00;0.00;
7;0.11;0.00;0.00;0.00;
8;0.66;0.09;8.70;10.00;
9;0.27;0.00;0.00;0.00;
10;0.13;0.00;0.00;0.00;
11;1.46;0.03;2.56;4.00;
12;0.19;0.00;0.00;0.00;
13;2.25;0.03;2.87;5.00;
5;0.05;0.00;0.00;0.00;
6;0.13;0.00;0.00;0.00;
7;0.20;0.00;0.00;0.00;
8;0.21;0.00;0.00;0.00;
9;0.18;0.00;0.00;0.00;
10;0.79;0.00;0.00;0.00;
11;2.54;0.01;0.90;25.00;
12;3.19;0.00;0.27;10.00;
13;3.48;0.01;0.70;35.00;
17;8.56;0.22;22.08;17.00;
34;34.67;0.16;16.49;212.00;
65;422.46;0.17;17.24;317.00;
100;1370.68;0.13;12.71;4606.20;
171;4112.88;0.27;27.14;747.80;
14;2.73;0.03;2.65;88.00;
29;22.31;0.10;9.63;155.00;
100;1159.73;0.13;13.46;2864.40;
137;3136.94;0.12;12.21;8525.60;
150;3099.81;0.14;13.84;3616.00;
200;8444.21;0.13;13.27;3906.80;
Parowanie = 0.5; Alfa = 1; Beta = 2; Stala = 5; 
5;0.03;0.00;0.00;0.00;
6;0.28;0.00;0.00;0.00;
7;0.15;0.00;0.00;0.00;
8;0.14;0.00;0.00;0.00;
9;0.35;0.00;0.00;0.00;
10;0.24;0.00;0.00;0.00;
11;1.99;0.01;1.28;2.00;
12;2.48;0.00;0.00;0.00;
13;3.68;0.01;1.15;2.00;
5;0.07;0.00;0.00;0.00;
6;0.19;0.00;0.00;0.00;
7;0.33;0.00;0.00;0.00;
8;0.64;0.01;1.08;10.00;
9;1.17;0.02;1.82;25.00;
10;1.40;0.01;1.26;25.00;
11;1.66;0.01;0.90;25.00;
12;3.43;0.00;0.27;10.00;
13;3.74;0.01;1.00;50.00;
17;8.92;0.09;9.09;7.00;
34;64.10;0.06;5.75;74.00;
65;660.41;0.08;8.45;155.40;
100;2227.30;0.13;12.81;4642.60;
171;7217.35;0.22;21.68;597.40;
14;5.50;0.03;2.65;88.00;
29;39.03;0.07;7.14;115.00;
100;2191.58;0.11;11.08;2357.00;
137;6043.38;0.11;10.91;7623.00;
150;7023.07;0.12;11.70;3058.40;
200;14122.20;0.14;14.03;4129.40;
Parowanie = 0.5; Alfa = 1; Beta = 3; Stala = 5; 
5;0.03;0.00;0.00;0.00;
6;0.04;0.00;0.00;0.00;
7;0.06;0.00;0.00;0.00;
8;0.08;0.00;0.00;0.00;
9;0.85;0.10;9.52;10.00;
10;0.35;0.00;0.00;0.00;
11;1.43;0.02;1.92;3.00;
12;0.89;0.00;0.00;0.00;
13;3.92;0.01;1.15;2.00;
5;0.13;0.00;0.00;0.00;
6;0.07;0.00;0.00;0.00;
7;0.15;0.00;0.00;0.00;
8;0.63;0.01;1.08;10.00;
9;0.84;0.01;1.09;15.00;
10;0.88;0.00;0.00;0.00;
11;2.22;0.01;0.72;20.00;
12;2.60;0.01;0.80;30.00;
13;2.56;0.01;1.20;60.00;
17;9.77;0.06;6.49;5.00;
34;76.08;0.03;3.34;43.00;
65;579.54;0.08;8.17;150.20;
100;2484.16;0.13;12.67;4590.20;
171;8369.44;0.20;19.99;550.60;
14;4.73;0.03;2.65;88.00;
29;48.78;0.06;6.09;98.00;
100;1678.32;0.10;10.12;2153.20;
137;5920.75;0.09;8.68;6062.00;
150;6255.60;0.09;9.25;2417.20;
200;16071.04;0.13;13.00;3826.40;
Parowanie = 0.5; Alfa = 1; Beta = 5; Stala = 5; 
5;0.03;0.00;0.00;0.00;
6;0.04;0.00;0.00;0.00;
7;0.06;0.00;0.00;0.00;
8;0.08;0.00;0.00;0.00;
9;0.10;0.00;0.00;0.00;
10;0.24;0.00;0.00;0.00;
11;1.42;0.02;1.92;3.00;
12;0.72;0.00;0.00;0.00;
13;2.61;0.02;2.30;4.00;
5;0.02;0.00;0.00;0.00;
6;0.07;0.00;0.00;0.00;
7;0.18;0.00;0.00;0.00;
8;0.07;0.00;0.00;0.00;
9;0.68;0.00;0.00;0.00;
10;1.65;0.01;0.50;10.00;
11;1.53;0.01;0.72;20.00;
12;1.92;0.01;0.66;25.00;
13;4.91;0.00;0.30;15.00;
17;8.77;0.22;22.08;17.00;
34;55.49;0.00;0.00;0.00;
65;566.38;0.10;9.51;174.80;
100;1521.99;0.13;13.06;4730.20;
171;6471.50;0.21;21.18;583.40;
14;3.47;0.03;2.65;88.00;
29;22.28;0.10;9.50;153.00;
100;1445.49;0.10;10.10;2148.60;
137;4719.00;0.08;7.88;5507.20;
150;5706.36;0.09;9.41;2458.00;
200;15669.10;0.12;12.46;3668.00;
Parowanie = 0.5; Alfa = 3; Beta = 2; Stala = 5; 
5;0.03;0.00;0.00;0.00;
6;0.04;0.00;0.00;0.00;
7;0.48;0.06;5.56;5.00;
8;0.14;0.00;0.00;0.00;
9;0.18;0.00;0.00;0.00;
10;1.13;0.03;3.30;7.00;
11;1.72;0.01;1.28;2.00;
12;2.15;0.03;2.82;5.00;
13;2.64;0.02;2.30;4.00;
5;0.05;0.00;0.00;0.00;
6;0.04;0.00;0.00;0.00;
7;0.51;0.02;1.72;10.00;
8;0.21;0.00;0.00;0.00;
9;1.43;0.01;0.73;10.00;
10;1.45;0.01;1.01;20.00;
11;2.09;0.01;1.26;35.00;
12;3.00;0.01;0.80;30.00;
13;3.03;0.01;1.10;55.00;
17;10.77;0.03;2.60;2.00;
34;46.35;0.14;14.46;186.00;
65;388.21;0.15;15.26;280.60;
100;1247.03;0.14;14.39;5214.80;
171;5304.09;0.23;23.24;640.20;
14;2.97;0.05;5.12;170.00;
29;36.04;0.13;12.73;205.00;
100;1162.44;0.13;12.86;2736.60;
137;3374.72;0.11;10.58;7387.80;
150;3893.90;0.12;11.59;3028.40;
200;10626.06;0.14;14.19;4177.20;
Parowanie = 0.5; Alfa = 3; Beta = 3; Stala = 5; 
5;0.03;0.00;0.00;0.00;
6;0.04;0.00;0.00;0.00;
7;0.06;0.00;0.00;0.00;
8;0.37;0.00;0.00;0.00;
9;0.23;0.00;0.00;0.00;
10;0.12;0.00;0.00;0.00;
11;1.44;0.04;3.85;6.00;
12;0.36;0.00;0.00;0.00;
13;2.44;0.06;6.32;11.00;
5;0.07;0.00;0.00;0.00;
6;0.10;0.00;0.00;0.00;
7;0.06;0.00;0.00;0.00;
8;0.70;0.01;1.08;10.00;
9;1.11;0.01;0.73;10.00;
10;1.78;0.01;1.01;20.00;
11;1.79;0.01;1.26;35.00;
12;2.60;0.01;0.53;20.00;
13;3.43;0.01;1.00;50.00;
17;6.94;0.58;58.44;45.00;
34;49.73;0.06;5.68;73.00;
65;298.94;0.13;13.15;241.80;
100;1132.78;0.14;13.61;4932.20;
171;5087.91;0.23;23.13;637.20;
14;2.95;0.03;2.65;88.00;
29;37.77;0.12;11.80;190.00;
100;1089.30;0.12;12.04;2562.20;
137;3273.31;0.13;12.99;9072.60;
150;3549.16;0.13;13.26;3465.40;
200;10380.23;0.11;11.48;3380.60;
Parowanie = 0.5; Alfa = 3; Beta = 5; Stala = 5; 
5;0.05;0.00;0.00;0.00;
6;0.04;0.00;0.00;0.00;
7;0.15;0.00;0.00;0.00;
8;0.37;0.00;0.00;0.00;
9;0.23;0.00;0.00;0.00;
10;0.13;0.00;0.00;0.00;
11;1.45;0.01;1.28;2.00;
12;0.55;0.00;0.00;0.00;
13;2.67;0.02;2.30;4.00;
5;0.04;0.00;0.00;0.00;
6;0.07;0.00;0.00;0.00;
7;0.10;0.00;0.00;0.00;
8;0.14;0.00;0.00;0.00;
9;0.86;0.01;1.09;15.00;
10;1.13;0.01;0.76;15.00;
11;1.83;0.01;0.54;15.00;
12;2.82;0.01;1.06;40.00;
13;3.48;0.01;0.70;35.00;
17;8.55;0.27;27.27;21.00;
34;9.23;0.00;0.00;0.00;
65;356.31;0.15;14.55;267.60;
100;1102.14;0.12;12.30;4457.20;
171;5132.02;0.25;24.78;682.80;
14;4.33;0.07;6.56;218.00;
29;21.66;0.12;11.83;190.40;
100;1001.65;0.14;14.22;3026.20;
137;2782.26;0.11;11.18;7807.80;
150;3878.98;0.14;13.83;3614.60;
200;9193.82;0.13;13.00;3827.20;
Parowanie = 0.5; Alfa = 5; Beta = 2; Stala = 5; 
5;0.03;0.00;0.00;0.00;
6;0.32;0.05;5.08;6.00;
7;0.05;0.00;0.00;0.00;
8;0.64;0.04;4.35;5.00;
9;0.86;0.19;19.05;20.00;
10;1.15;0.03;3.30;7.00;
11;2.16;0.07;7.05;11.00;
12;2.17;0.09;9.04;16.00;
13;2.45;0.04;4.02;7.00;
5;0.03;0.00;0.00;0.00;
6;0.35;0.03;2.82;10.00;
7;0.51;0.03;2.59;15.00;
8;0.08;0.00;0.00;0.00;
9;0.94;0.01;1.45;20.00;
10;1.24;0.02;2.02;40.00;
11;1.41;0.02;1.62;45.00;
12;2.84;0.01;1.33;50.00;
13;3.04;0.01;0.90;45.00;
17;7.08;0.45;45.45;35.00;
34;37.99;0.06;6.14;79.00;
65;279.07;0.12;11.78;216.60;
100;1137.56;0.12;11.70;4239.00;
171;6249.12;0.31;31.17;858.80;
14;3.75;0.03;2.65;88.00;
29;25.69;0.11;11.07;178.20;
100;1012.91;0.13;13.46;2865.20;
137;2942.18;0.09;9.29;6492.60;
150;3443.36;0.15;14.66;3830.40;
200;8174.58;0.16;15.82;4657.20;
Parowanie = 0.5; Alfa = 5; Beta = 3; Stala = 5; 
5;0.03;0.00;0.00;0.00;
6;0.04;0.00;0.00;0.00;
7;0.06;0.00;0.00;0.00;
8;0.19;0.00;0.00;0.00;
9;0.23;0.00;0.00;0.00;
10;0.24;0.00;0.00;0.00;
11;1.45;0.02;1.92;3.00;
12;1.81;0.03;3.39;6.00;
13;2.67;0.01;0.57;1.00;
5;0.03;0.00;0.00;0.00;
6;0.07;0.00;0.00;0.00;
7;0.24;0.00;0.00;0.00;
8;0.78;0.01;1.08;10.00;
9;0.86;0.01;1.09;15.00;
10;1.08;0.01;0.76;15.00;
11;1.82;0.01;0.54;15.00;
12;2.27;0.01;0.93;35.00;
13;2.20;0.01;0.80;40.00;
17;7.73;0.23;23.38;18.00;
34;40.80;0.15;15.40;198.00;
65;267.14;0.14;14.08;259.00;
100;1168.48;0.13;13.07;4734.00;
171;4381.30;0.27;27.49;757.40;
14;2.98;0.05;5.45;181.00;
29;22.04;0.07;6.89;111.00;
100;1097.66;0.13;13.13;2793.80;
137;2977.49;0.12;12.36;8630.60;
150;4026.21;0.12;11.50;3005.20;
200;8065.39;0.16;15.53;4573.00;
Parowanie = 0.5; Alfa = 5; Beta = 5; Stala = 5; 
5;0.03;0.00;0.00;0.00;
6;0.07;0.00;0.00;0.00;
7;0.48;0.06;5.56;5.00;
8;0.08;0.00;0.00;0.00;
9;0.10;0.00;0.00;0.00;
10;0.24;0.00;0.00;0.00;
11;1.44;0.02;1.92;3.00;
12;0.18;0.00;0.00;0.00;
13;2.92;0.01;1.15;2.00;
5;0.02;0.00;0.00;0.00;
6;0.04;0.00;0.00;0.00;
7;0.06;0.00;0.00;0.00;
8;0.65;0.01;1.08;10.00;
9;1.47;0.01;1.45;20.00;
10;1.46;0.01;0.50;10.00;
11;2.58;0.01;1.08;30.00;
12;1.95;0.01;0.66;25.00;
13;3.07;0.01;1.30;65.00;
17;7.12;0.36;36.36;28.00;
34;37.92;0.19;19.05;245.00;
65;301.69;0.13;12.64;232.40;
100;1038.27;0.14;14.08;5101.60;
171;4021.65;0.29;28.60;787.80;
14;3.28;0.03;2.65;88.00;
29;20.77;0.07;7.45;120.00;
100;980.50;0.14;14.25;3033.20;
137;2480.17;0.13;12.57;8777.20;
150;3146.55;0.14;13.67;3571.60;
200;9595.89;0.12;12.22;3596.20;
Parowanie = 0.75; Alfa = 1; Beta = 2; Stala = 5; 
5;0.05;0.00;0.00;0.00;
6;0.38;0.03;3.39;4.00;
7;0.06;0.00;0.00;0.00;
8;0.08;0.00;0.00;0.00;
9;0.18;0.00;0.00;0.00;
10;0.23;0.00;0.00;0.00;
11;1.84;0.01;1.28;2.00;
12;0.36;0.00;0.00;0.00;
13;3.67;0.01;1.15;2.00;
5;0.07;0.00;0.00;0.00;
6;0.13;0.00;0.00;0.00;
7;0.19;0.00;0.00;0.00;
8;0.82;0.01;1.08;10.00;
9;1.09;0.01;1.45;20.00;
10;1.64;0.02;1.51;30.00;
11;1.91;0.01;0.54;15.00;
12;3.22;0.01;1.20;45.00;
13;5.93;0.00;0.40;20.00;
17;14.51;0.04;3.90;3.00;
34;51.78;0.03;3.42;44.00;
65;425.80;0.09;9.42;173.20;
100;2067.91;0.13;13.13;4755.60;
171;6817.09;0.22;21.79;600.40;
14;3.65;0.03;2.65;88.00;
29;43.01;0.05;4.91;79.00;
100;1766.39;0.10;9.82;2089.20;
137;3933.29;0.11;10.78;7533.00;
150;6071.44;0.13;12.70;3318.40;
200;11903.93;0.14;14.00;4121.00;
Parowanie = 0.75; Alfa = 1; Beta = 3; Stala = 5; 
5;0.02;0.00;0.00;0.00;
6;0.13;0.00;0.00;0.00;
7;0.11;0.00;0.00;0.00;
8;0.20;0.00;0.00;0.00;
9;0.19;0.00;0.00;0.00;
10;0.12;0.00;0.00;0.00;
11;0.29;0.00;0.00;0.00;
12;2.48;0.00;0.00;0.00;
13;4.33;0.01;0.57;1.00;
5;0.02;0.00;0.00;0.00;
6;0.04;0.00;0.00;0.00;
7;0.15;0.00;0.00;0.00;
8;0.45;0.00;0.00;0.00;
9;1.34;0.01;1.45;20.00;
10;1.85;0.01;0.76;15.00;
11;2.58;0.01;1.08;30.00;
12;2.07;0.01;0.93;35.00;
13;2.30;0.01;1.28;64.00;
17;10.39;0.06;6.49;5.00;
34;73.18;0.06;5.68;73.00;
65;448.22;0.08;7.92;145.60;
100;1647.42;0.13;12.66;4586.00;
171;5394.42;0.22;21.61;595.40;
14;3.93;0.03;2.65;88.00;
29;39.00;0.06;5.71;92.00;
100;1421.73;0.09;9.32;1984.40;
137;4149.08;0.07;7.05;4926.60;
150;5221.89;0.11;10.82;2827.40;
200;13467.23;0.14;13.86;4081.20;
Parowanie = 0.75; Alfa = 1; Beta = 5; Stala = 5; 
5;0.05;0.00;0.00;0.00;
6;0.04;0.00;0.00;0.00;
7;0.05;0.00;0.00;0.00;
8;0.07;0.00;0.00;0.00;
9;0.09;0.00;0.00;0.00;
10;0.45;0.00;0.00;0.00;
11;1.55;0.02;1.92;3.00;
12;0.36;0.00;0.00;0.00;
13;4.12;0.02;1.72;3.00;
5;0.02;0.00;0.00;0.00;
6;0.13;0.00;0.00;0.00;
7;0.05;0.00;0.00;0.00;
8;0.07;0.00;0.00;0.00;
9;0.50;0.00;0.00;0.00;
10;1.91;0.01;0.76;15.00;
11;1.64;0.01;0.54;15.00;
12;3.09;0.00;0.40;15.00;
13;3.60;0.01;0.50;25.00;
17;12.18;0.17;16.88;13.00;
34;58.33;0.10;10.50;135.00;
65;512.06;0.09;9.31;171.20;
100;1200.24;0.12;12.18;4411.40;
171;7580.91;0.21;20.97;577.60;
14;3.45;0.03;2.65;88.00;
29;35.59;0.10;10.06;162.00;
100;1328.40;0.10;9.59;2040.20;
137;4036.80;0.09;8.93;6241.00;
150;5268.31;0.10;9.59;2505.40;
200;13513.37;0.12;11.78;3468.40;
Parowanie = 0.75; Alfa = 3; Beta = 2; Stala = 5; 
5;0.05;0.00;0.00;0.00;
6;0.04;0.00;0.00;0.00;
7;0.06;0.00;0.00;0.00;
8;0.08;0.00;0.00;0.00;
9;0.87;0.10;9.52;10.00;
10;0.13;0.00;0.00;0.00;
11;1.44;0.01;1.28;2.00;
12;0.37;0.00;0.00;0.00;
13;2.20;0.05;5.17;9.00;
5;0.05;0.00;0.00;0.00;
6;0.04;0.00;0.00;0.00;
7;0.47;0.02;1.72;10.00;
8;0.64;0.07;7.03;65.00;
9;0.86;0.01;1.09;15.00;
10;2.07;0.02;1.76;35.00;
11;1.39;0.02;1.98;55.00;
12;1.92;0.02;1.59;60.00;
13;2.18;0.02;2.31;115.00;
17;12.60;0.03;2.60;2.00;
34;37.08;0.04;3.89;50.00;
65;262.62;0.16;16.22;298.20;
100;1042.17;0.15;14.93;5408.80;
171;4397.06;0.25;24.81;683.40;
14;3.75;0.09;8.88;295.00;
29;25.84;0.04;4.41;71.00;
100;983.35;0.12;12.21;2598.00;
137;2557.02;0.11;11.17;7799.80;
150;4086.87;0.13;12.78;3340.20;
200;10153.40;0.13;12.51;3683.40;
Parowanie = 0.75; Alfa = 3; Beta = 3; Stala = 5; 
5;0.03;0.00;0.00;0.00;
6;0.04;0.00;0.00;0.00;
7;0.06;0.00;0.00;0.00;
8;0.08;0.00;0.00;0.00;
9;0.10;0.00;0.00;0.00;
10;0.24;0.00;0.00;0.00;
11;1.42;0.03;2.56;4.00;
12;2.14;0.03;2.82;5.00;
13;2.18;0.03;2.87;5.00;
5;0.03;0.00;0.00;0.00;
6;0.04;0.00;0.00;0.00;
7;0.15;0.00;0.00;0.00;
8;0.64;0.01;1.08;10.00;
9;1.01;0.01;1.45;20.00;
10;1.43;0.02;1.51;30.00;
11;2.52;0.01;0.72;20.00;
12;2.25;0.01;0.80;30.00;
13;4.09;0.01;1.10;55.00;
17;7.74;0.14;14.29;11.00;
34;34.09;0.11;11.43;147.00;
65;273.53;0.15;14.74;271.00;
100;1099.64;0.13;13.39;4849.60;
171;4456.09;0.23;23.34;643.00;
14;2.97;0.08;7.52;250.00;
29;25.94;0.06;6.09;98.00;
100;972.98;0.12;12.47;2654.20;
137;2453.15;0.12;11.75;8205.40;
150;3652.81;0.14;13.55;3541.40;
200;7662.17;0.16;15.93;4689.20;
Parowanie = 0.75; Alfa = 3; Beta = 5; Stala = 5; 
5;0.03;0.00;0.00;0.00;
6;0.04;0.00;0.00;0.00;
7;0.06;0.00;0.00;0.00;
8;0.66;0.09;8.70;10.00;
9;0.10;0.00;0.00;0.00;
10;1.14;0.00;0.47;1.00;
11;1.60;0.01;1.28;2.00;
12;0.19;0.00;0.00;0.00;
13;2.92;0.03;3.45;6.00;
5;0.03;0.00;0.00;0.00;
6;0.07;0.00;0.00;0.00;
7;0.29;0.00;0.00;0.00;
8;0.08;0.00;0.00;0.00;
9;0.10;0.00;0.00;0.00;
10;1.78;0.01;0.50;10.00;
11;1.44;0.01;0.90;25.00;
12;2.28;0.01;0.66;25.00;
13;3.05;0.01;0.70;35.00;
17;7.08;0.13;12.99;10.00;
34;40.74;0.18;17.73;228.00;
65;286.11;0.12;12.25;225.20;
100;1073.43;0.13;12.93;4686.20;
171;4339.39;0.25;25.34;698.00;
14;3.86;0.05;5.45;181.00;
29;20.17;0.15;15.03;242.00;
100;869.13;0.13;13.48;2868.60;
137;3330.50;0.11;10.56;7378.20;
150;3075.61;0.14;14.48;3783.20;
200;8145.95;0.14;13.61;4007.40;
Parowanie = 0.75; Alfa = 5; Beta = 2; Stala = 5; 
5;0.03;0.00;0.00;0.00;
6;0.04;0.00;0.00;0.00;
7;0.06;0.00;0.00;0.00;
8;0.08;0.00;0.00;0.00;
9;0.87;0.10;9.52;10.00;
10;0.12;0.00;0.00;0.00;
11;1.59;0.02;1.92;3.00;
12;1.82;0.03;2.82;5.00;
13;2.19;0.11;11.49;20.00;
5;0.03;0.00;0.00;0.00;
6;0.04;0.00;0.00;0.00;
7;0.45;0.03;2.59;15.00;
8;0.70;0.01;1.08;10.00;
9;1.01;0.01;1.09;15.00;
10;1.13;0.01;1.01;20.00;
11;1.57;0.01;0.54;15.00;
12;2.13;0.02;2.26;85.00;
13;2.60;0.01;1.40;70.00;
17;7.02;0.22;22.08;17.00;
34;37.55;0.15;14.70;189.00;
65;325.44;0.19;19.26;354.20;
100;1095.84;0.15;14.75;5344.00;
171;4377.55;0.28;27.58;759.80;
14;2.97;0.12;12.13;403.00;
29;24.18;0.12;11.80;190.00;
100;1081.70;0.14;13.87;2952.20;
137;2723.48;0.16;16.02;11190.20;
150;3732.03;0.14;13.54;3538.60;
200;8180.61;0.14;14.31;4213.40;
Parowanie = 0.75; Alfa = 5; Beta = 3; Stala = 5; 
5;0.21;0.11;11.22;11.00;
6;0.04;0.00;0.00;0.00;
7;0.06;0.00;0.00;0.00;
8;0.66;0.04;4.35;5.00;
9;0.10;0.00;0.00;0.00;
10;0.24;0.00;0.00;0.00;
11;1.44;0.04;4.49;7.00;
12;1.99;0.03;2.82;5.00;
13;2.68;0.02;2.30;4.00;
5;0.02;0.00;0.00;0.00;
6;0.07;0.00;0.00;0.00;
7;0.15;0.00;0.00;0.00;
8;0.20;0.00;0.00;0.00;
9;0.94;0.01;1.09;15.00;
10;0.45;0.00;0.00;0.00;
11;1.42;0.01;0.54;15.00;
12;2.81;0.01;1.20;45.00;
13;2.19;0.01;1.30;65.00;
17;6.24;0.25;24.68;19.00;
34;37.82;0.12;11.59;149.00;
65;250.34;0.12;11.51;211.60;
100;1066.25;0.14;14.43;5227.40;
171;4735.87;0.26;25.50;702.60;
14;3.51;0.03;2.65;88.00;
29;26.22;0.05;4.66;75.00;
100;936.41;0.12;12.14;2584.00;
137;2480.76;0.13;13.19;9216.20;
150;3396.95;0.12;12.48;3261.20;
200;7501.85;0.13;13.39;3940.20;
Parowanie = 0.75; Alfa = 5; Beta = 5; Stala = 5; 
5;0.03;0.00;0.00;0.00;
6;0.04;0.00;0.00;0.00;
7;0.06;0.00;0.00;0.00;
8;0.66;0.04;4.35;5.00;
9;0.97;0.05;4.76;5.00;
10;0.13;0.00;0.00;0.00;
11;1.60;0.01;1.28;2.00;
12;0.55;0.00;0.00;0.00;
13;3.84;0.03;3.45;6.00;
5;0.03;0.00;0.00;0.00;
6;0.04;0.00;0.00;0.00;
7;0.10;0.00;0.00;0.00;
8;0.78;0.02;1.62;15.00;
9;1.12;0.01;0.73;10.00;
10;1.58;0.02;1.51;30.00;
11;1.56;0.01;0.72;20.00;
12;1.93;0.01;1.33;50.00;
13;2.83;0.00;0.20;10.00;
17;8.52;0.22;22.08;17.00;
34;34.77;0.13;13.06;168.00;
65;426.68;0.17;16.60;305.20;
100;978.66;0.14;13.94;5050.80;
171;3971.49;0.26;25.84;711.80;
14;2.70;0.03;2.65;88.00;
29;20.28;0.10;10.00;161.00;
100;861.06;0.13;12.82;2728.60;
137;2766.64;0.13;13.16;9195.80;
150;3347.82;0.14;14.22;3714.60;
200;7387.17;0.15;14.52;4275.40;
Parowanie = 0.25; Alfa = 1; Beta = 2; Stala = 5; 
5;0.02;0.00;0.00;0.00;
6;0.09;0.00;0.00;0.00;
7;0.05;0.00;0.00;0.00;
8;0.13;0.00;0.00;0.00;
9;0.33;0.00;0.00;0.00;
10;0.22;0.00;0.00;0.00;
11;1.35;0.00;0.00;0.00;
12;2.00;0.00;0.00;0.00;
13;5.29;0.02;1.72;3.00;
5;0.02;0.00;0.00;0.00;
6;0.06;0.00;0.00;0.00;
7;0.09;0.00;0.00;0.00;
8;0.12;0.00;0.00;0.00;
9;1.58;0.01;0.73;10.00;
10;1.71;0.01;1.01;20.00;
11;1.65;0.01;0.72;20.00;
12;2.83;0.01;0.80;30.00;
13;2.63;0.01;1.00;50.00;
17;5.33;0.06;6.49;5.00;
34;35.76;0.00;0.00;0.00;
65;740.13;0.10;9.82;180.60;
Parowanie = 0.25; Alfa = 1; Beta = 2; Stala = 5; 
5;0.03;0.00;0.00;0.00;
6;0.04;0.00;0.00;0.00;
7;0.10;0.00;0.00;0.00;
8;0.07;0.00;0.00;0.00;
9;0.41;0.00;0.00;0.00;
10;0.32;0.00;0.00;0.00;
11;0.43;0.00;0.00;0.00;
12;3.20;0.00;0.00;0.00;
13;3.11;0.01;1.15;2.00;
5;0.03;0.00;0.00;0.00;
6;0.06;0.00;0.00;0.00;
7;0.05;0.00;0.00;0.00;
8;0.83;0.01;1.08;10.00;
9;2.15;0.01;1.09;15.00;
10;2.40;0.01;1.01;20.00;
11;2.22;0.01;1.08;30.00;
12;1.66;0.01;1.06;40.00;
13;5.64;0.01;0.90;45.00;
17;7.44;0.05;5.19;4.00;
34;52.31;0.00;0.00;0.00;
65;501.10;0.10;10.03;184.40;
Parowanie = 0.25; Alfa = 1; Beta = 2; Stala = 5; 
5;0.02;0.00;0.00;0.00;
6;0.04;0.00;0.00;0.00;
7;0.09;0.00;0.00;0.00;
8;0.25;0.00;0.00;0.00;
9;0.17;0.00;0.00;0.00;
10;0.32;0.00;0.00;0.00;
11;2.10;0.01;1.28;2.00;
12;2.82;0.00;0.00;0.00;
13;3.30;0.02;1.72;3.00;
5;0.02;0.00;0.00;0.00;
6;0.12;0.00;0.00;0.00;
7;0.41;0.00;0.00;0.00;
8;0.64;0.00;0.00;0.00;
9;0.85;0.00;0.00;0.00;
10;1.94;0.01;1.26;25.00;
11;1.43;0.01;1.44;40.00;
12;3.08;0.01;1.20;45.00;
13;2.61;0.02;1.60;80.00;
17;7.74;0.05;5.19;4.00;
34;62.25;0.09;9.41;121.00;
Parowanie = 0.25; Alfa = 1; Beta = 2; Stala = 5; 
5;0.02;0.00;0.00;0.00;
6;0.04;0.00;0.00;0.00;
7;0.22;0.00;0.00;0.00;
8;0.24;0.00;0.00;0.00;
9;0.17;0.00;0.00;0.00;
10;0.11;0.00;0.00;0.00;
11;2.00;0.01;1.28;2.00;
12;1.83;0.00;0.00;0.00;
13;3.26;0.02;2.30;4.00;
5;0.06;0.00;0.00;0.00;
6;0.09;0.00;0.00;0.00;
7;0.27;0.00;0.00;0.00;
8;0.24;0.00;0.00;0.00;
9;1.84;0.01;0.73;10.00;
10;1.82;0.02;1.76;35.00;
11;1.67;0.01;1.26;35.00;
12;2.38;0.01;1.06;40.00;
13;3.35;0.01;1.40;70.00;
17;7.23;0.06;6.49;5.00;
34;101.16;0.01;1.37;17.60;
Parowanie = 0.25; Alfa = 1; Beta = 2; Stala = 5; 
5;0.02;0.00;0.00;0.00;
6;0.06;0.00;0.00;0.00;
7;0.09;0.00;0.00;0.00;
8;0.13;0.00;0.00;0.00;
9;0.25;0.00;0.00;0.00;
10;0.21;0.00;0.00;0.00;
11;1.78;0.01;1.28;2.00;
12;0.45;0.00;0.00;0.00;
13;5.03;0.01;1.15;2.00;
5;0.03;0.00;0.00;0.00;
6;0.24;0.00;0.00;0.00;
7;0.33;0.00;0.00;0.00;
8;0.61;0.00;0.00;0.00;
9;0.90;0.00;0.00;0.00;
10;1.55;0.01;1.01;20.00;
11;3.97;0.01;0.72;20.00;
12;2.35;0.01;1.46;55.00;
13;2.69;0.01;1.30;65.00;
17;6.16;0.09;9.09;7.00;
34;100.50;0.01;1.00;12.80;
65;564.84;0.09;9.45;173.80;
100;3360.26;0.13;13.49;4886.60;
