Parowanie = 0.25; Alfa = 1; Beta = 2; Stala = 5; 
5;0.03;0.00;0.00;0.00;
6;0.07;0.00;0.00;0.00;
7;0.05;0.00;0.00;0.00;
8;0.20;0.00;0.00;0.00;
9;0.59;0.00;0.00;0.00;
10;0.24;0.00;0.00;0.00;
11;1.91;0.01;1.28;2.00;
12;2.61;0.00;0.00;0.00;
13;4.48;0.02;1.72;3.00;
5;0.07;0.00;0.00;0.00;
6;0.28;0.00;0.00;0.00;
7;0.18;0.00;0.00;0.00;
8;0.85;0.02;1.62;15.00;
9;0.90;0.01;1.45;20.00;
10;1.20;0.01;0.76;15.00;
11;2.43;0.02;1.80;50.00;
12;1.69;0.01;0.80;30.00;
13;2.71;0.01;1.30;65.00;
17;2.62;0.00;0.00;0.00;
34;83.43;0.03;3.34;43.00;
65;316.88;0.15;15.39;283.00;
100;1667.89;0.18;18.32;6636.00;
171;10110.61;0.18;18.37;506.20;
14;4.42;0.02;1.90;63.00;
29;42.44;0.09;8.82;142.00;
100;1188.35;0.15;15.47;3291.80;
137;5423.63;0.15;14.78;10321.80;
150;6235.81;0.18;17.64;4610.00;
200;11779.14;0.21;20.57;6056.40;
Parowanie = 0.25; Alfa = 1; Beta = 3; Stala = 5; 
5;0.03;0.00;0.00;0.00;
6;0.13;0.00;0.00;0.00;
7;0.06;0.00;0.00;0.00;
8;0.08;0.00;0.00;0.00;
9;0.23;0.00;0.00;0.00;
10;0.34;0.00;0.00;0.00;
11;2.10;0.01;1.28;2.00;
12;1.59;0.00;0.00;0.00;
13;2.79;0.01;0.57;1.00;
5;0.03;0.00;0.00;0.00;
6;0.04;0.00;0.00;0.00;
7;0.37;0.00;0.00;0.00;
8;0.51;0.00;0.00;0.00;
9;0.84;0.01;1.45;20.00;
10;2.72;0.01;0.76;15.00;
11;3.31;0.01;1.08;30.00;
12;4.23;0.01;0.93;35.00;
13;4.86;0.01;0.90;45.00;
17;16.27;0.13;12.99;10.00;
34;83.58;0.01;1.00;12.80;
65;457.70;0.10;9.97;183.40;
100;1755.24;0.13;12.96;4697.00;
171;6220.91;0.20;20.28;558.80;
14;4.16;0.07;6.83;227.00;
29;31.11;0.08;7.95;128.00;
100;1249.21;0.10;10.06;2141.40;
137;4674.47;0.09;9.33;6514.40;
150;4019.10;0.14;13.78;3602.00;
200;10881.87;0.16;15.90;4680.40;
Parowanie = 0.25; Alfa = 1; Beta = 5; Stala = 5; 
5;0.20;0.03;3.06;3.00;
6;0.18;0.00;0.00;0.00;
7;0.05;0.00;0.00;0.00;
8;0.21;0.00;0.00;0.00;
9;0.27;0.00;0.00;0.00;
10;1.08;0.00;0.47;1.00;
11;1.52;0.01;1.28;2.00;
12;0.53;0.00;0.00;0.00;
13;2.19;0.01;0.57;1.00;
5;0.03;0.00;0.00;0.00;
6;0.07;0.00;0.00;0.00;
7;0.44;0.02;1.72;10.00;
8;0.50;0.00;0.00;0.00;
9;0.83;0.02;1.82;25.00;
10;1.69;0.01;0.50;10.00;
11;2.34;0.01;0.90;25.00;
12;2.90;0.01;0.66;25.00;
13;3.18;0.01;0.80;40.00;
17;10.07;0.06;6.49;5.00;
34;45.81;0.05;4.99;64.20;
65;320.47;0.10;10.04;184.60;
100;1456.33;0.12;12.06;4368.20;
171;6810.49;0.21;20.84;574.20;
14;7.89;0.05;5.00;166.00;
29;47.44;0.05;5.40;87.00;
100;1233.88;0.11;10.53;2241.60;
137;3066.12;0.08;8.46;5912.60;
150;4967.08;0.10;9.92;2591.60;
200;11193.85;0.13;13.41;3947.80;
Parowanie = 0.25; Alfa = 3; Beta = 2; Stala = 5; 
5;0.21;0.03;3.06;3.00;
6;0.31;0.20;20.34;24.00;
7;0.44;0.17;16.67;15.00;
8;0.64;0.26;26.09;30.00;
9;0.83;0.33;33.33;35.00;
10;1.10;0.92;91.51;194.00;
11;1.38;0.06;6.41;10.00;
12;1.74;0.41;40.68;72.00;
13;2.83;0.15;14.94;26.00;
5;0.03;0.00;0.00;0.00;
6;0.31;0.04;4.23;15.00;
7;0.45;0.03;2.59;15.00;
8;0.62;0.18;17.84;165.00;
9;0.83;0.05;4.73;65.00;
10;1.15;0.07;6.55;130.00;
11;1.36;0.15;15.32;425.00;
12;1.76;0.03;3.45;130.00;
13;2.13;0.02;2.01;100.00;
17;5.31;0.60;59.74;46.00;
34;30.72;0.63;63.14;812.00;
65;208.28;1.35;134.86;2480.00;
100;867.97;1.25;125.23;45370.60;
171;4097.50;1.78;178.29;4911.80;
14;2.65;0.67;66.66;2215.00;
29;19.83;0.66;66.27;1067.00;
100;1151.48;0.99;99.41;21155.80;
137;1933.12;1.07;106.72;74545.20;
150;3291.98;1.05;105.29;27512.80;
200;9205.50;1.09;109.32;32179.80;
Parowanie = 0.25; Alfa = 3; Beta = 3; Stala = 5; 
5;0.03;0.00;0.00;0.00;
6;0.31;0.13;12.71;15.00;
7;0.06;0.00;0.00;0.00;
8;0.63;0.13;13.04;15.00;
9;0.10;0.00;0.00;0.00;
10;1.09;0.27;27.36;58.00;
11;1.40;0.08;7.69;12.00;
12;1.75;0.23;23.16;41.00;
13;2.14;0.20;20.11;35.00;
5;0.20;0.10;10.00;20.00;
6;0.32;0.07;7.04;25.00;
7;0.44;0.03;2.59;15.00;
8;0.63;0.14;13.51;125.00;
9;0.83;0.03;3.27;45.00;
10;1.10;0.04;4.28;85.00;
11;1.64;0.12;12.25;340.00;
12;3.08;0.02;1.99;75.00;
13;2.15;0.03;2.81;140.00;
17;5.34;0.90;89.61;69.00;
34;34.06;0.82;82.12;1056.00;
65;275.01;0.77;76.97;1415.40;
100;782.37;0.64;63.78;23109.20;
171;4726.76;0.86;85.63;2359.20;
14;2.89;0.21;21.10;701.00;
29;19.71;0.56;55.84;899.00;
100;1306.46;0.48;48.21;10260.00;
137;3268.11;0.54;54.08;37774.80;
150;3135.25;0.54;53.72;14036.00;
200;8280.10;0.60;60.25;17734.80;
Parowanie = 0.25; Alfa = 3; Beta = 5; Stala = 5; 
5;0.20;0.11;11.22;11.00;
6;0.04;0.00;0.00;0.00;
7;0.45;0.06;5.56;5.00;
8;0.63;0.09;8.70;10.00;
9;0.85;0.10;9.52;10.00;
10;1.11;0.28;27.83;59.00;
11;1.41;0.14;14.10;22.00;
12;1.80;0.06;5.65;10.00;
13;2.21;0.01;1.15;2.00;
5;0.03;0.00;0.00;0.00;
6;0.31;0.03;2.82;10.00;
7;0.50;0.03;2.59;15.00;
8;0.71;0.14;13.51;125.00;
9;1.27;0.02;1.82;25.00;
10;1.11;0.01;1.26;25.00;
11;1.95;0.04;4.32;120.00;
12;1.96;0.01;1.46;55.00;
13;2.19;0.02;1.81;90.00;
17;12.02;0.03;2.60;2.00;
34;31.26;0.22;22.24;286.00;
65;224.31;0.26;25.50;469.00;
100;890.45;0.38;38.11;13806.80;
171;4460.67;0.44;43.87;1208.60;
14;3.97;0.09;8.91;296.00;
29;24.15;0.16;16.02;258.00;
100;1068.54;0.30;29.64;6308.60;
137;3295.65;0.29;29.32;20479.60;
150;4944.31;0.27;27.45;7173.00;
200;8025.75;0.29;29.12;8573.20;
Parowanie = 0.25; Alfa = 5; Beta = 2; Stala = 5; 
5;0.21;0.03;3.06;3.00;
6;0.32;0.15;15.25;18.00;
7;0.06;0.00;0.00;0.00;
8;0.66;0.17;17.39;20.00;
9;0.87;0.33;33.33;35.00;
10;1.14;1.11;111.32;236.00;
11;1.43;0.35;35.26;55.00;
12;1.81;0.59;58.76;104.00;
13;2.22;0.49;48.85;85.00;
5;0.21;0.12;12.50;25.00;
6;0.32;0.03;2.82;10.00;
7;0.47;0.03;3.45;20.00;
8;0.65;0.10;10.27;95.00;
9;0.86;0.17;17.09;235.00;
10;1.12;0.06;6.05;120.00;
11;1.42;0.15;14.95;415.00;
12;1.76;0.11;10.76;405.00;
13;2.18;0.05;5.32;265.00;
17;13.38;1.18;118.18;91.00;
34;31.16;0.78;77.92;1002.00;
65;300.29;1.46;146.17;2688.00;
100;739.37;1.70;170.04;61605.40;
171;4178.47;3.01;300.84;8288.20;
14;2.68;0.55;55.43;1842.00;
29;19.80;1.11;110.99;1787.00;
100;899.47;1.82;181.57;38641.20;
137;1846.50;2.19;219.23;153135.60;
150;2690.53;2.15;214.51;56050.20;
200;6456.57;2.17;216.55;63746.60;
Parowanie = 0.25; Alfa = 5; Beta = 3; Stala = 5; 
5;0.22;0.03;3.06;3.00;
6;0.32;0.15;15.25;18.00;
7;0.47;0.06;5.56;5.00;
8;0.66;0.04;4.35;5.00;
9;0.87;0.19;19.05;20.00;
10;1.13;0.15;15.09;32.00;
11;1.43;0.08;8.33;13.00;
12;1.81;0.13;12.99;23.00;
13;2.18;0.20;20.11;35.00;
5;0.21;0.07;7.50;15.00;
6;0.31;0.10;9.86;35.00;
7;0.46;0.08;7.76;45.00;
8;0.65;0.19;18.92;175.00;
9;0.86;0.07;7.27;100.00;
10;1.13;0.03;2.77;55.00;
11;1.41;0.15;15.50;430.00;
12;1.75;0.14;13.81;520.00;
13;2.19;0.14;13.64;680.00;
17;5.31;0.55;54.55;42.00;
34;30.95;0.45;45.41;584.00;
65;244.30;0.85;84.84;1560.20;
100;724.11;0.98;98.09;35537.80;
171;3919.10;1.50;150.04;4133.60;
14;2.64;0.28;28.23;938.00;
29;19.73;0.76;75.65;1218.00;
100;727.95;0.85;84.53;17990.60;
137;2381.83;0.98;98.28;68654.00;
150;2453.30;0.98;97.66;25519.20;
200;6682.76;1.01;100.90;29702.00;
Parowanie = 0.25; Alfa = 5; Beta = 5; Stala = 5; 
5;0.22;0.03;3.06;3.00;
6;0.04;0.00;0.00;0.00;
7;0.48;0.06;5.56;5.00;
8;0.67;0.26;26.09;30.00;
9;0.88;0.10;9.52;10.00;
10;1.14;0.15;14.62;31.00;
11;1.44;0.15;15.38;24.00;
12;1.82;0.15;15.25;27.00;
13;2.23;0.21;20.69;36.00;
5;0.21;0.12;12.50;25.00;
6;0.33;0.14;14.08;50.00;
7;0.47;0.15;14.66;85.00;
8;0.65;0.03;2.70;25.00;
9;0.87;0.17;17.09;235.00;
10;1.13;0.08;8.31;165.00;
11;1.56;0.05;4.50;125.00;
12;1.79;0.05;5.18;195.00;
13;2.20;0.02;2.01;100.00;
17;7.37;0.41;41.30;31.80;
34;31.43;0.44;44.09;567.00;
65;241.85;0.56;55.80;1026.20;
100;829.92;0.55;55.33;20046.00;
171;4675.58;0.62;61.52;1694.80;
14;2.67;0.21;21.31;708.00;
29;20.12;0.43;42.73;688.00;
100;862.20;0.37;37.03;7880.60;
137;2626.59;0.45;45.28;31628.60;
150;3533.88;0.42;42.21;11028.20;
200;8431.61;0.43;43.19;12714.40;
Parowanie = 0.5; Alfa = 1; Beta = 2; Stala = 5; 
5;0.03;0.00;0.00;0.00;
6;0.23;0.00;0.00;0.00;
7;0.33;0.00;0.00;0.00;
8;0.65;0.00;0.00;0.00;
9;0.85;0.10;9.52;10.00;
10;0.23;0.00;0.00;0.00;
11;1.55;0.04;4.49;7.00;
12;2.12;0.00;0.00;0.00;
13;3.86;0.01;1.15;2.00;
5;0.15;0.00;0.00;0.00;
6;0.48;0.03;2.82;10.00;
7;0.72;0.03;2.59;15.00;
8;1.08;0.02;1.62;15.00;
9;1.17;0.02;1.82;25.00;
10;2.61;0.01;0.50;10.00;
11;1.65;0.03;2.52;70.00;
12;2.42;0.01;1.33;50.00;
13;3.30;0.01;1.20;60.00;
17;5.75;0.22;22.08;17.00;
34;63.64;0.12;12.29;158.00;
65;424.22;0.10;9.74;179.20;
100;1708.06;0.17;17.13;6207.80;
171;7060.01;0.20;20.07;552.80;
14;2.87;0.03;2.65;88.00;
29;52.31;0.05;4.91;79.00;
100;2024.75;0.13;13.43;2858.40;
137;3953.44;0.15;15.36;10730.20;
150;5995.62;0.17;16.89;4413.20;
200;15086.65;0.19;19.03;5602.40;
Parowanie = 0.5; Alfa = 1; Beta = 3; Stala = 5; 
5;0.19;0.00;0.00;0.00;
6;0.04;0.00;0.00;0.00;
7;0.47;0.06;5.56;5.00;
8;0.14;0.00;0.00;0.00;
9;0.18;0.00;0.00;0.00;
10;0.24;0.00;0.00;0.00;
11;1.40;0.00;0.00;0.00;
12;2.30;0.01;1.13;2.00;
13;2.16;0.02;1.72;3.00;
5;0.05;0.00;0.00;0.00;
6;0.07;0.00;0.00;0.00;
7;0.50;0.02;1.72;10.00;
8;0.63;0.01;1.08;10.00;
9;0.43;0.00;0.00;0.00;
10;1.63;0.01;0.76;15.00;
11;2.63;0.01;0.72;20.00;
12;3.96;0.01;1.06;40.00;
13;4.86;0.00;0.30;15.00;
17;9.06;0.09;9.09;7.00;
34;57.79;0.09;8.63;111.00;
65;667.90;0.09;9.40;172.80;
100;1598.94;0.14;13.73;4973.00;
171;8887.31;0.19;18.69;514.80;
14;4.41;0.03;3.10;103.00;
29;31.02;0.06;6.21;100.00;
100;1756.99;0.10;10.42;2218.20;
137;3954.70;0.10;9.58;6691.20;
150;3891.30;0.14;13.55;3540.80;
200;10801.10;0.16;15.63;4601.60;
Parowanie = 0.5; Alfa = 1; Beta = 5; Stala = 5; 
5;0.02;0.00;0.00;0.00;
6;0.04;0.00;0.00;0.00;
7;0.06;0.00;0.00;0.00;
8;0.08;0.00;0.00;0.00;
9;0.10;0.00;0.00;0.00;
10;0.13;0.00;0.00;0.00;
11;1.43;0.02;1.92;3.00;
12;1.26;0.00;0.00;0.00;
13;2.59;0.02;2.30;4.00;
5;0.02;0.00;0.00;0.00;
6;0.07;0.00;0.00;0.00;
7;0.36;0.00;0.00;0.00;
8;0.63;0.02;1.62;15.00;
9;0.83;0.01;0.73;10.00;
10;2.19;0.01;0.76;15.00;
11;2.10;0.01;1.26;35.00;
12;3.14;0.01;1.33;50.00;
13;2.34;0.01;1.10;55.00;
17;6.97;0.27;27.27;21.00;
34;37.20;0.00;0.00;0.00;
65;397.73;0.09;9.37;172.40;
100;1633.95;0.12;12.22;4428.20;
171;7439.43;0.22;21.77;599.80;
14;3.70;0.03;2.65;88.00;
29;21.50;0.06;6.34;102.00;
100;1515.97;0.11;10.50;2235.60;
137;3927.15;0.07;7.47;5219.60;
150;4301.58;0.10;10.38;2712.20;
200;9322.83;0.12;11.95;3516.60;
Parowanie = 0.5; Alfa = 3; Beta = 2; Stala = 5; 
5;0.21;0.15;15.31;15.00;
6;0.33;0.04;4.24;5.00;
7;0.47;0.39;38.89;35.00;
8;0.65;0.09;8.70;10.00;
9;0.86;0.43;42.86;45.00;
10;1.13;0.60;59.91;127.00;
11;1.42;0.52;51.92;81.00;
12;1.79;0.31;31.07;55.00;
13;2.19;0.47;46.55;81.00;
5;0.21;0.07;7.50;15.00;
6;0.33;0.11;11.27;40.00;
7;0.47;0.04;4.31;25.00;
8;0.65;0.10;10.27;95.00;
9;0.87;0.05;5.45;75.00;
10;1.12;0.02;2.27;45.00;
11;1.42;0.09;9.37;260.00;
12;1.77;0.07;7.17;270.00;
13;2.19;0.08;8.12;405.00;
17;7.04;2.14;214.29;165.00;
34;55.14;0.92;91.51;1176.80;
65;377.34;1.11;110.69;2035.60;
100;1102.86;1.30;130.18;47165.40;
171;4661.38;1.78;178.13;4907.60;
14;2.66;0.65;65.48;2176.00;
29;21.91;0.85;85.22;1372.00;
100;877.40;1.03;103.18;21958.20;
137;1922.18;1.02;101.72;71056.20;
150;3530.87;1.04;103.91;27152.40;
200;7421.28;1.19;119.08;35053.60;
Parowanie = 0.5; Alfa = 3; Beta = 3; Stala = 5; 
5;0.21;0.29;28.57;28.00;
6;0.04;0.00;0.00;0.00;
7;0.47;0.06;5.56;5.00;
8;1.13;0.17;17.39;20.00;
9;2.18;0.43;42.86;45.00;
10;1.13;0.37;36.79;78.00;
11;1.44;0.31;30.77;48.00;
12;1.79;0.20;20.34;36.00;
13;2.20;0.47;46.55;81.00;
5;0.21;0.07;7.50;15.00;
6;0.32;0.03;2.82;10.00;
7;0.47;0.11;11.21;65.00;
8;0.64;0.25;24.86;230.00;
9;0.86;0.05;4.73;65.00;
10;1.11;0.11;10.83;215.00;
11;1.42;0.07;7.39;205.00;
12;2.09;0.07;7.04;265.00;
13;2.16;0.04;3.51;175.00;
17;11.29;0.66;66.23;51.00;
34;30.78;0.23;23.48;302.00;
65;248.36;0.57;56.67;1042.20;
100;1022.83;0.64;63.56;23028.00;
171;5194.28;0.85;84.76;2335.20;
14;2.66;0.29;29.37;976.00;
29;29.15;0.55;54.97;885.00;
100;762.42;0.49;49.05;10438.80;
137;2971.71;0.51;51.13;35715.40;
150;4563.54;0.56;55.94;14618.40;
200;8068.76;0.53;53.41;15722.00;
Parowanie = 0.5; Alfa = 3; Beta = 5; Stala = 5; 
5;0.22;0.03;3.06;3.00;
6;0.33;0.05;5.08;6.00;
7;0.48;0.17;16.67;15.00;
8;1.83;0.04;4.35;5.00;
9;2.20;0.19;19.05;20.00;
10;1.12;0.35;34.91;74.00;
11;1.43;0.22;22.44;35.00;
12;1.80;0.32;31.64;56.00;
13;2.21;0.02;1.72;3.00;
5;0.03;0.00;0.00;0.00;
6;0.33;0.10;9.86;35.00;
7;0.47;0.04;4.31;25.00;
8;0.65;0.05;4.86;45.00;
9;0.95;0.06;5.82;80.00;
10;1.13;0.02;2.27;45.00;
11;1.42;0.07;6.85;190.00;
12;1.77;0.03;2.92;110.00;
13;2.18;0.03;2.91;145.00;
17;8.52;0.48;48.05;37.00;
34;31.31;0.25;25.12;323.00;
65;362.68;0.27;27.00;496.60;
100;760.15;0.32;31.98;11585.00;
171;5326.10;0.45;45.02;1240.20;
14;2.67;0.38;38.34;1274.00;
29;21.94;0.16;16.34;263.00;
100;1161.06;0.27;27.05;5756.40;
137;2749.89;0.30;30.13;21043.60;
150;3362.36;0.30;30.29;7915.00;
200;9056.05;0.29;29.42;8660.40;
Parowanie = 0.5; Alfa = 5; Beta = 2; Stala = 5; 
5;0.21;0.34;33.67;33.00;
6;0.32;0.17;16.95;20.00;
7;0.46;0.50;50.00;45.00;
8;0.63;0.17;17.39;20.00;
9;0.84;0.57;57.14;60.00;
10;1.12;0.98;97.64;207.00;
11;1.44;0.34;33.97;53.00;
12;1.78;0.44;43.50;77.00;
13;2.20;0.39;39.08;68.00;
5;0.21;0.12;12.50;25.00;
6;0.32;0.17;16.90;60.00;
7;0.47;0.09;9.48;55.00;
8;0.66;0.14;13.51;125.00;
9;0.86;0.18;17.82;245.00;
10;1.13;0.05;5.29;105.00;
11;1.42;0.16;15.86;440.00;
12;1.78;0.07;6.64;250.00;
13;2.19;0.15;14.94;745.00;
17;6.95;1.39;138.96;107.00;
34;31.42;1.01;101.32;1303.00;
65;221.88;1.55;155.49;2859.40;
100;957.67;1.66;166.43;60295.80;
171;3952.41;3.12;312.49;8609.20;
14;2.65;0.18;17.60;585.00;
29;19.80;1.18;117.76;1896.00;
100;829.22;1.72;171.90;36583.80;
137;2440.20;2.24;224.16;156584.00;
150;2691.49;1.99;199.06;52015.20;
200;6661.51;2.42;241.67;71140.00;
Parowanie = 0.5; Alfa = 5; Beta = 3; Stala = 5; 
5;0.22;0.15;15.31;15.00;
6;0.33;0.08;8.47;10.00;
7;0.06;0.00;0.00;0.00;
8;1.83;0.09;8.70;10.00;
9;0.23;0.00;0.00;0.00;
10;1.14;0.37;37.26;79.00;
11;1.49;0.02;1.92;3.00;
12;1.95;0.11;10.73;19.00;
13;2.20;0.44;44.25;77.00;
5;0.21;0.12;12.50;25.00;
6;0.32;0.10;9.86;35.00;
7;0.47;0.14;13.79;80.00;
8;0.65;0.09;9.19;85.00;
9;0.87;0.13;12.73;175.00;
10;1.13;0.02;1.51;30.00;
11;1.42;0.04;4.32;120.00;
12;1.76;0.05;4.65;175.00;
13;2.20;0.07;6.52;325.00;
17;7.69;0.27;27.27;21.00;
34;31.25;0.77;76.83;988.00;
65;220.17;1.16;115.65;2126.80;
100;840.93;0.95;95.50;34598.40;
171;4272.53;1.36;135.75;3740.00;
14;2.67;0.37;36.95;1228.00;
29;19.74;0.93;93.48;1505.00;
100;752.47;0.96;96.19;20471.40;
137;2421.20;1.06;106.17;74161.00;
150;2842.18;0.96;95.79;25031.20;
200;5984.88;1.09;109.27;32164.40;
Parowanie = 0.5; Alfa = 5; Beta = 5; Stala = 5; 
5;0.22;0.15;15.31;15.00;
6;0.62;0.09;9.32;11.00;
7;0.48;0.39;38.89;35.00;
8;0.99;0.04;4.35;5.00;
9;0.88;0.19;19.05;20.00;
10;1.15;0.33;32.55;69.00;
11;1.45;0.06;6.41;10.00;
12;1.81;0.03;3.39;6.00;
13;2.23;0.10;10.34;18.00;
5;0.03;0.00;0.00;0.00;
6;0.61;0.03;2.82;10.00;
7;0.47;0.03;3.45;20.00;
8;0.66;0.07;7.03;65.00;
9;0.87;0.08;7.64;105.00;
10;1.12;0.14;13.60;270.00;
11;1.44;0.03;3.24;90.00;
12;1.77;0.04;3.72;140.00;
13;2.43;0.05;4.91;245.00;
17;7.19;0.69;68.83;53.00;
34;31.40;0.54;54.35;699.00;
65;232.44;0.36;35.93;660.80;
100;751.74;0.45;45.30;16411.00;
171;4382.93;0.79;79.05;2177.80;
14;2.71;0.41;41.47;1378.00;
29;20.09;0.40;40.37;650.00;
100;816.26;0.35;35.18;7487.20;
137;2769.15;0.44;44.43;31032.40;
150;2791.67;0.46;46.45;12136.80;
200;8659.86;0.42;41.54;12228.60;
Parowanie = 0.75; Alfa = 1; Beta = 2; Stala = 5; 
5;0.21;0.03;3.06;3.00;
6;0.36;0.03;3.39;4.00;
7;0.06;0.00;0.00;0.00;
8;0.65;0.09;8.70;10.00;
9;0.18;0.00;0.00;0.00;
10;0.23;0.00;0.00;0.00;
11;1.69;0.08;8.33;13.00;
12;2.82;0.03;2.82;5.00;
13;4.10;0.02;1.61;2.80;
5;0.21;0.10;10.00;20.00;
6;0.13;0.00;0.00;0.00;
7;0.37;0.00;0.00;0.00;
8;1.07;0.02;1.62;15.00;
9;1.92;0.01;1.45;20.00;
10;2.72;0.01;1.01;20.00;
11;2.32;0.01;1.08;30.00;
12;3.38;0.02;2.12;80.00;
13;2.36;0.02;1.81;90.00;
17;11.05;0.09;9.09;7.00;
34;42.45;0.09;9.49;122.00;
65;443.99;0.16;15.85;291.40;
100;1798.95;0.17;16.69;6047.60;
171;5899.10;0.19;18.93;521.60;
14;3.38;0.07;6.89;229.00;
29;28.97;0.07;6.89;111.00;
100;1512.67;0.13;12.78;2719.00;
137;4259.22;0.13;12.67;8849.00;
150;5444.17;0.18;17.52;4577.00;
200;12311.14;0.20;19.89;5854.80;
Parowanie = 0.75; Alfa = 1; Beta = 3; Stala = 5; 
5;0.22;0.29;28.57;28.00;
6;0.16;0.00;0.00;0.00;
7;0.47;0.06;5.56;5.00;
8;0.14;0.00;0.00;0.00;
9;0.10;0.00;0.00;0.00;
10;0.12;0.00;0.00;0.00;
11;1.69;0.01;1.28;2.00;
12;1.06;0.00;0.00;0.00;
13;3.02;0.02;1.72;3.00;
5;0.21;0.12;12.50;25.00;
6;0.04;0.00;0.00;0.00;
7;0.63;0.03;2.59;15.00;
8;0.82;0.02;2.16;20.00;
9;0.85;0.01;0.73;10.00;
10;2.39;0.01;1.26;25.00;
11;2.47;0.01;0.90;25.00;
12;2.06;0.01;1.33;50.00;
13;2.33;0.00;0.40;20.00;
17;7.59;0.06;6.49;5.00;
34;39.60;0.07;7.39;95.00;
65;547.50;0.09;9.19;169.00;
100;1180.55;0.14;13.85;5017.60;
171;4294.31;0.23;23.48;647.00;
14;5.22;0.07;6.56;218.00;
29;40.70;0.09;9.01;145.00;
100;1215.69;0.09;8.73;1857.40;
137;3707.06;0.10;9.78;6830.00;
150;5346.94;0.13;13.21;3450.80;
200;9244.52;0.16;15.72;4628.60;
Parowanie = 0.75; Alfa = 1; Beta = 5; Stala = 5; 
5;0.03;0.00;0.00;0.00;
6;0.31;0.03;3.39;4.00;
7;0.63;0.06;5.56;5.00;
8;0.07;0.00;0.00;0.00;
9;0.09;0.00;0.00;0.00;
10;0.23;0.00;0.00;0.00;
11;0.57;0.00;0.00;0.00;
12;0.36;0.00;0.00;0.00;
13;2.16;0.02;2.30;4.00;
5;0.02;0.00;0.00;0.00;
6;0.19;0.00;0.00;0.00;
7;0.14;0.00;0.00;0.00;
8;0.07;0.00;0.00;0.00;
9;0.99;0.01;1.09;15.00;
10;1.20;0.00;0.00;0.00;
11;1.78;0.01;0.90;25.00;
12;2.24;0.01;1.06;40.00;
13;3.58;0.01;0.70;35.00;
17;5.80;0.06;6.49;5.00;
34;46.48;0.07;6.69;86.00;
65;485.56;0.12;11.79;216.80;
100;1295.65;0.13;12.81;4642.00;
171;5213.80;0.22;22.02;606.60;
14;4.23;0.05;5.12;170.00;
29;41.38;0.06;5.65;91.00;
100;1209.53;0.11;11.15;2373.80;
137;4066.32;0.07;7.12;4974.60;
150;4111.84;0.11;10.97;2867.00;
200;12154.31;0.13;13.00;3827.40;
Parowanie = 0.75; Alfa = 3; Beta = 2; Stala = 5; 
5;0.21;0.11;11.22;11.00;
6;0.04;0.00;0.00;0.00;
7;0.47;0.06;5.56;5.00;
8;0.67;0.09;8.70;10.00;
9;0.86;0.14;14.29;15.00;
10;1.12;0.17;16.98;36.00;
11;1.42;0.21;20.51;32.00;
12;1.78;0.10;9.60;17.00;
13;2.17;0.29;29.31;51.00;
5;0.21;0.17;17.50;35.00;
6;0.32;0.14;14.08;50.00;
7;0.47;0.07;6.90;40.00;
8;0.65;0.14;14.05;130.00;
9;0.86;0.02;2.18;30.00;
10;1.12;0.09;9.32;185.00;
11;1.39;0.09;9.01;250.00;
12;1.74;0.03;2.52;95.00;
13;2.15;0.04;4.31;215.00;
17;7.63;0.82;81.82;63.00;
34;33.92;0.77;76.98;990.00;
65;238.88;1.32;131.96;2426.80;
100;912.04;1.22;122.02;44208.80;
171;4677.86;1.72;171.67;4729.60;
14;2.67;0.69;69.00;2293.00;
29;19.71;0.83;82.86;1334.00;
100;932.86;1.00;100.30;21346.80;
137;2109.08;1.18;117.60;82148.60;
150;3731.05;1.21;121.24;31679.40;
200;7054.79;1.18;118.31;34826.40;
Parowanie = 0.75; Alfa = 3; Beta = 3; Stala = 5; 
5;0.21;0.03;3.06;3.00;
6;0.32;0.13;12.71;15.00;
7;0.46;0.11;11.11;10.00;
8;0.65;0.30;30.43;35.00;
9;0.86;0.33;33.33;35.00;
10;1.12;0.34;33.96;72.00;
11;1.42;0.49;48.72;76.00;
12;1.79;0.14;13.56;24.00;
13;2.18;0.28;27.59;48.00;
5;0.03;0.00;0.00;0.00;
6;0.32;0.10;9.86;35.00;
7;0.46;0.12;12.07;70.00;
8;0.64;0.01;1.08;10.00;
9;0.93;0.15;15.27;210.00;
10;1.12;0.02;2.02;40.00;
11;2.08;0.01;1.44;40.00;
12;2.98;0.06;5.98;225.00;
13;2.56;0.10;10.33;515.00;
17;6.97;0.36;36.36;28.00;
34;30.78;0.46;45.88;590.00;
65;255.79;0.74;73.84;1358.00;
100;775.18;0.60;60.24;21826.40;
171;4847.46;0.80;80.47;2217.00;
14;2.64;0.32;31.66;1052.00;
29;19.67;0.58;57.91;932.40;
100;998.86;0.54;53.56;11397.80;
137;2238.09;0.51;50.64;35375.40;
150;2770.25;0.55;55.33;14456.60;
200;8643.67;0.57;56.50;16632.20;
Parowanie = 0.75; Alfa = 3; Beta = 5; Stala = 5; 
5;0.03;0.00;0.00;0.00;
6;0.04;0.00;0.00;0.00;
7;0.47;0.11;11.11;10.00;
8;0.66;0.17;17.39;20.00;
9;0.87;0.10;9.52;10.00;
10;1.15;0.03;3.30;7.00;
11;1.44;0.06;5.77;9.00;
12;1.92;0.09;9.49;16.80;
13;2.24;0.22;21.84;38.00;
5;0.22;0.23;22.50;45.00;
6;0.32;0.03;2.82;10.00;
7;0.46;0.03;2.59;15.00;
8;0.64;0.01;1.08;10.00;
9;1.30;0.04;4.00;55.00;
10;1.67;0.01;0.50;10.00;
11;2.97;0.00;0.36;10.00;
12;1.78;0.02;1.73;65.00;
13;2.41;0.02;2.31;115.00;
17;7.05;0.47;46.75;36.00;
34;31.30;0.47;47.20;607.00;
65;220.52;0.33;32.59;599.40;
100;884.06;0.31;30.61;11091.20;
171;5187.11;0.44;43.86;1208.40;
14;2.68;0.15;14.84;493.00;
29;25.96;0.07;7.33;118.00;
100;1191.54;0.30;29.94;6372.20;
137;2086.21;0.29;28.57;19958.80;
150;3756.10;0.31;31.26;8167.00;
200;9424.45;0.28;28.15;8287.40;
Parowanie = 0.75; Alfa = 5; Beta = 2; Stala = 5; 
5;0.06;0.00;0.00;0.00;
6;0.04;0.00;0.00;0.00;
7;0.06;0.00;0.00;0.00;
8;0.08;0.00;0.00;0.00;
9;0.88;0.19;19.05;20.00;
10;0.12;0.00;0.00;0.00;
11;1.45;0.17;16.67;26.00;
12;1.79;0.48;48.02;85.00;
13;2.16;0.54;54.02;94.00;
5;0.21;0.17;17.50;35.00;
6;0.31;0.14;14.08;50.00;
7;0.45;0.15;14.66;85.00;
8;0.64;0.17;17.30;160.00;
9;0.84;0.12;12.36;170.00;
10;1.13;0.13;13.10;260.00;
11;1.41;0.19;18.92;525.00;
12;1.77;0.15;15.27;575.00;
13;2.17;0.15;14.54;725.00;
17;6.98;0.48;48.05;37.00;
34;31.16;0.94;94.40;1214.00;
65;303.76;1.93;192.77;3545.00;
100;783.04;1.69;168.88;61184.40;
171;3589.53;3.04;304.17;8379.80;
14;2.67;0.66;66.02;2194.00;
29;19.89;1.05;104.60;1684.00;
100;812.35;1.56;156.39;33283.60;
137;1925.17;1.97;197.36;137858.80;
150;2685.57;2.23;222.81;58219.00;
200;7347.29;2.46;245.98;72408.80;
Parowanie = 0.75; Alfa = 5; Beta = 3; Stala = 5; 
5;0.21;0.11;11.22;11.00;
6;0.32;0.11;11.02;13.00;
7;0.47;0.11;11.11;10.00;
8;0.66;0.11;11.30;13.00;
9;0.10;0.00;0.00;0.00;
10;1.15;0.33;33.02;70.00;
11;1.44;0.35;35.26;55.00;
12;1.80;0.33;33.33;59.00;
13;2.20;0.29;28.74;50.00;
5;0.21;0.10;10.00;20.00;
6;0.32;0.04;4.23;15.00;
7;0.47;0.09;8.62;50.00;
8;0.65;0.03;2.70;25.00;
9;0.86;0.16;16.36;225.00;
10;1.13;0.04;4.03;80.00;
11;1.55;0.09;9.19;255.00;
12;1.93;0.03;3.19;120.00;
13;2.20;0.02;2.21;110.00;
17;6.96;1.35;135.06;104.00;
34;31.11;0.77;77.37;995.00;
65;223.83;0.89;89.28;1641.80;
100;799.34;0.91;90.80;32898.40;
171;3934.09;1.49;149.25;4111.80;
14;2.69;0.79;78.51;2609.00;
29;19.92;0.36;36.34;585.00;
100;728.83;0.96;95.59;20342.40;
137;1912.21;1.01;100.59;70262.20;
150;2794.93;1.00;99.65;26038.80;
200;6213.46;1.06;105.82;31151.00;
Parowanie = 0.75; Alfa = 5; Beta = 5; Stala = 5; 
5;0.03;0.00;0.00;0.00;
6;0.33;0.17;16.95;20.00;
7;0.49;0.06;5.56;5.00;
8;0.66;0.04;4.35;5.00;
9;0.88;0.10;9.52;10.00;
10;1.15;0.22;21.70;46.00;
11;1.45;0.06;6.41;10.00;
12;1.81;0.15;14.69;26.00;
13;2.23;0.36;36.21;63.00;
5;0.07;0.00;0.00;0.00;
6;0.32;0.17;16.90;60.00;
7;0.47;0.16;16.38;95.00;
8;0.66;0.19;19.46;180.00;
9;0.96;0.01;1.45;20.00;
10;1.13;0.13;13.35;265.00;
11;1.43;0.04;4.14;115.00;
12;1.80;0.15;15.27;575.00;
13;2.65;0.04;3.51;175.00;
17;7.09;0.68;67.53;52.00;
34;34.43;0.31;30.56;393.00;
65;224.83;0.47;47.46;872.80;
100;782.96;0.45;44.96;16290.60;
171;4097.26;0.61;61.09;1683.00;
14;2.69;0.19;19.08;634.00;
29;20.13;0.23;22.73;366.00;
100;816.21;0.40;39.58;8423.00;
137;2070.80;0.40;39.56;27636.00;
150;2694.57;0.46;46.47;12143.60;
200;7973.28;0.43;43.40;12776.00;
