 Parowanie = 0.25; Alfa = 1; Beta = 2; Stala = 5;
5;0.03;4382619.49;438261948.78;429496709.80;
6;0.04;0.00;0.00;0.00;
7;0.05;0.00;0.00;0.00;
8;0.49;0.00;0.00;0.00;
9;0.59;0.00;0.00;0.00;
10;0.88;0.00;0.00;0.00;
11;2.59;0.01;1.28;2.00;
12;3.28;0.03;2.82;5.00;
13;6.55;0.01;0.57;1.00;
5;0.03;0.00;0.00;0.00;
6;0.06;0.00;0.00;0.00;
7;0.14;0.00;0.00;0.00;
8;1.09;0.02;1.62;15.00;
9;0.98;0.02;1.82;25.00;
10;1.20;0.01;1.26;25.00;
11;1.80;0.02;2.34;65.00;
12;3.49;0.01;0.80;30.00;
13;5.43;0.01;1.10;55.00;
17;13.14;0.04;3.90;3.00;
34;124.00;0.05;5.33;68.60;
65;815.60;0.10;10.26;188.60;
100;1114.30;1.15;114.87;41619.20;
171;18115.80;0.19;18.80;518.00;
14;5.68;0.03;2.65;88.00;
29;34.42;0.38;38.20;615.00;
100;3096.82;0.54;53.52;11390.00;
137;5825.77;0.91;90.52;63230.20;
150;6536.61;0.96;95.52;24960.00;
200;35705.81;0.20;19.54;5750.60;
Parowanie = 0.25; Alfa = 1; Beta = 3; Stala = 5; 
5;0.03;0.00;0.00;0.00;
6;0.13;0.00;0.00;0.00;
7;0.22;0.00;0.00;0.00;
8;0.27;0.00;0.00;0.00;
9;0.30;0.00;0.00;0.00;
10;0.56;0.00;0.00;0.00;
11;1.95;0.01;1.28;2.00;
12;1.74;0.03;2.82;5.00;
13;2.69;0.01;0.57;1.00;
5;0.02;0.00;0.00;0.00;
6;0.04;0.00;0.00;0.00;
7;0.10;0.00;0.00;0.00;
8;0.72;0.01;1.08;10.00;
9;0.12;0.00;0.00;0.00;
10;1.84;0.01;1.26;25.00;
11;2.44;0.01;0.90;25.00;
12;3.16;0.01;1.46;55.00;
13;4.24;0.01;0.90;45.00;
17;8.98;0.06;6.49;5.00;
34;109.54;0.00;0.00;0.00;
65;859.13;0.09;9.07;166.80;
100;2544.45;0.35;35.10;12717.40;
171;15614.33;0.19;18.58;512.00;
14;5.05;0.06;5.51;183.00;
29;51.64;0.09;9.13;147.00;
100;3417.49;0.11;10.72;2281.60;
137;6261.16;0.32;32.20;22494.80;
150;9729.96;0.24;24.20;6322.40;
200;31144.20;0.14;13.76;4049.80;
Parowanie = 0.25; Alfa = 1; Beta = 5; Stala = 5; 
5;0.02;0.00;0.00;0.00;
6;0.04;0.00;0.00;0.00;
7;0.05;0.00;0.00;0.00;
8;0.10;0.00;0.00;0.00;
9;0.27;0.00;0.00;0.00;
10;0.13;0.00;0.00;0.00;
11;1.42;0.01;1.28;2.00;
12;1.21;0.00;0.00;0.00;
13;1.08;0.00;0.00;0.00;
5;0.03;0.00;0.00;0.00;
6;0.04;0.00;0.00;0.00;
7;0.14;0.00;0.00;0.00;
8;0.31;0.00;0.00;0.00;
9;0.17;0.00;0.00;0.00;
10;1.69;0.01;0.76;15.00;
11;4.07;0.01;0.54;15.00;
12;2.92;0.01;0.66;25.00;
13;3.18;0.01;1.00;50.00;
17;5.30;0.22;22.08;17.00;
34;55.49;0.00;0.00;0.00;
65;675.70;0.08;7.83;144.00;
100;2467.46;0.17;17.37;6292.40;
171;14274.91;0.21;20.54;565.80;
14;4.28;0.03;2.65;88.00;
29;27.58;0.08;7.52;121.00;
100;2389.57;0.13;12.72;2707.80;
137;6036.22;0.17;16.73;11683.00;
150;11878.06;0.13;13.10;3423.80;
200;23248.67;0.14;14.02;4128.40;
Parowanie = 0.25; Alfa = 3; Beta = 2; Stala = 5; 
5;0.02;0.00;0.00;0.00;
6;0.04;0.00;0.00;0.00;
7;0.14;0.00;0.00;0.00;
8;0.32;0.00;0.00;0.00;
9;0.43;0.00;0.00;0.00;
10;0.34;0.00;0.00;0.00;
11;2.07;0.01;1.28;2.00;
12;1.21;0.00;0.00;0.00;
13;3.18;0.02;1.72;3.00;
5;0.03;0.00;0.00;0.00;
6;0.18;0.00;0.00;0.00;
7;0.19;0.00;0.00;0.00;
8;0.61;0.01;1.08;10.00;
9;1.31;0.01;0.73;10.00;
10;1.82;0.02;1.51;30.00;
11;1.38;0.02;1.62;45.00;
12;3.46;0.01;0.80;30.00;
13;5.76;0.01;0.70;35.00;
17;10.64;0.03;2.60;2.00;
34;71.54;0.06;5.91;76.00;
65;559.76;0.07;7.30;134.20;
100;2820.05;0.13;13.02;4716.40;
171;10541.65;0.20;20.11;554.00;
14;6.42;0.03;2.65;88.00;
29;42.33;0.10;10.31;166.00;
100;2570.07;0.10;9.84;2094.40;
137;4895.98;0.58;58.41;40802.80;
150;9280.08;0.11;11.05;2886.40;
200;19599.94;0.13;13.23;3895.60;
Parowanie = 0.25; Alfa = 3; Beta = 3; Stala = 5; 
5;0.02;0.00;0.00;0.00;
6;0.07;0.00;0.00;0.00;
7;0.05;0.00;0.00;0.00;
8;0.07;0.00;0.00;0.00;
9;0.09;0.00;0.00;0.00;
10;0.12;0.00;0.00;0.00;
11;1.68;0.01;1.28;2.00;
12;1.55;0.00;0.00;0.00;
13;2.82;0.02;2.30;4.00;
5;0.03;0.00;0.00;0.00;
6;0.04;0.00;0.00;0.00;
7;0.27;0.00;0.00;0.00;
8;0.74;0.01;1.08;10.00;
9;1.98;0.02;1.82;25.00;
10;1.41;0.02;1.51;30.00;
11;3.17;0.01;0.90;25.00;
12;6.65;0.01;0.66;25.00;
13;2.54;0.02;1.50;75.00;
17;6.39;0.09;9.09;7.00;
34;74.69;0.05;4.90;63.00;
65;579.95;0.10;10.04;184.60;
100;1436.01;0.45;44.65;16175.80;
171;9004.89;0.21;21.07;580.60;
14;6.78;0.03;2.65;88.00;
29;59.96;0.08;8.39;135.00;
100;2438.98;0.10;9.59;2042.00;
137;5882.23;0.18;18.48;12912.20;
150;9621.57;0.11;10.68;2791.20;
200;21977.45;0.12;11.55;3399.20;
Parowanie = 0.25; Alfa = 3; Beta = 5; Stala = 5; 
5;0.03;0.00;0.00;0.00;
6;0.04;0.00;0.00;0.00;
7;0.19;0.00;0.00;0.00;
8;0.07;0.00;0.00;0.00;
9;0.09;0.00;0.00;0.00;
10;0.12;0.00;0.00;0.00;
11;0.74;0.00;0.00;0.00;
12;0.54;0.00;0.00;0.00;
13;2.66;0.02;2.30;4.00;
5;0.03;0.00;0.00;0.00;
6;0.04;0.00;0.00;0.00;
7;0.10;0.00;0.00;0.00;
8;0.52;0.00;0.00;0.00;
9;0.26;0.00;0.00;0.00;
10;1.45;0.01;0.76;15.00;
11;2.44;0.01;0.72;20.00;
12;2.68;0.01;0.93;35.00;
13;3.25;0.01;0.50;25.00;
17;9.27;0.06;6.49;5.00;
34;68.24;0.11;11.31;145.40;
65;507.84;0.09;9.19;169.00;
100;2214.65;0.15;14.88;5391.40;
171;7815.10;0.24;23.54;648.60;
14;2.94;0.03;2.65;88.00;
29;26.01;0.08;8.45;136.00;
100;2346.82;0.11;11.07;2356.60;
137;6228.09;0.14;13.78;9625.00;
150;7860.24;0.12;11.61;3033.00;
200;18221.15;0.11;11.16;3284.00;
Parowanie = 0.25; Alfa = 5; Beta = 2; Stala = 5; 
5;0.03;0.00;0.00;0.00;
6;0.09;0.00;0.00;0.00;
7;0.06;0.00;0.00;0.00;
8;0.14;0.00;0.00;0.00;
9;0.36;0.00;0.00;0.00;
10;0.47;0.00;0.00;0.00;
11;1.98;0.02;1.92;3.00;
12;2.35;0.04;3.95;7.00;
13;2.65;0.01;1.15;2.00;
5;0.09;0.00;0.00;0.00;
6;0.16;0.00;0.00;0.00;
7;0.47;0.03;3.45;20.00;
8;0.21;0.00;0.00;0.00;
9;1.12;0.00;0.00;0.00;
10;1.45;0.03;2.52;50.00;
11;1.85;0.01;1.08;30.00;
12;2.31;0.01;0.93;35.00;
13;2.74;0.01;1.10;55.00;
17;8.37;0.13;12.99;10.00;
34;95.91;0.11;11.49;147.80;
65;559.82;0.06;6.24;114.80;
100;1803.49;0.55;55.16;19983.60;
171;8359.15;0.23;23.01;634.00;
14;5.30;0.02;1.53;51.00;
29;40.56;0.09;9.43;151.80;
100;2436.18;0.10;9.78;2081.60;
137;6145.80;0.10;10.15;7092.80;
150;7376.06;0.14;13.53;3535.00;
200;18447.31;0.15;14.51;4271.00;
Parowanie = 0.25; Alfa = 5; Beta = 3; Stala = 5; 
5;0.03;0.00;0.00;0.00;
6;0.07;0.00;0.00;0.00;
7;0.20;0.00;0.00;0.00;
8;0.08;0.00;0.00;0.00;
9;0.19;0.00;0.00;0.00;
10;0.13;0.00;0.00;0.00;
11;1.42;0.02;1.92;3.00;
12;0.72;0.00;0.00;0.00;
13;3.01;0.04;4.02;7.00;
5;0.05;0.00;0.00;0.00;
6;0.28;0.00;0.00;0.00;
7;0.16;0.00;0.00;0.00;
8;0.64;0.01;1.08;10.00;
9;0.93;0.01;0.73;10.00;
10;1.12;0.02;1.51;30.00;
11;2.25;0.01;1.08;30.00;
12;4.53;0.01;0.93;35.00;
13;2.62;0.01;1.30;65.00;
17;6.43;0.05;5.19;4.00;
34;34.38;0.00;0.00;0.00;
65;440.54;0.10;9.76;179.40;
100;2095.36;0.23;22.83;8272.60;
171;7821.10;0.24;24.02;661.80;
14;3.84;0.05;4.89;162.40;
29;33.68;0.13;12.61;203.00;
100;2050.10;0.10;9.79;2083.20;
137;5969.13;0.09;8.91;6226.20;
150;6908.16;0.12;11.67;3049.60;
200;17236.67;0.16;16.22;4775.40;
Parowanie = 0.25; Alfa = 5; Beta = 5; Stala = 5; 
5;0.03;0.00;0.00;0.00;
6;0.04;0.00;0.00;0.00;
7;0.11;0.00;0.00;0.00;
8;0.21;0.00;0.00;0.00;
9;0.10;0.00;0.00;0.00;
10;0.13;0.00;0.00;0.00;
11;1.45;0.03;2.56;4.00;
12;0.55;0.00;0.00;0.00;
13;2.68;0.02;2.30;4.00;
5;0.05;0.00;0.00;0.00;
6;0.13;0.00;0.00;0.00;
7;0.19;0.00;0.00;0.00;
8;0.21;0.00;0.00;0.00;
9;0.18;0.00;0.00;0.00;
10;1.24;0.01;0.50;10.00;
11;1.70;0.01;0.72;20.00;
12;3.55;0.01;0.53;20.00;
13;3.50;0.01;0.50;25.00;
17;10.59;0.03;2.60;2.00;
34;53.53;0.13;13.30;171.00;
65;446.87;0.10;9.67;177.80;
100;2150.26;0.11;11.46;4151.80;
171;7097.44;0.24;24.23;667.40;
14;2.70;0.03;2.65;88.00;
29;22.21;0.07;7.33;118.00;
100;1934.93;0.11;10.92;2323.80;
137;4830.68;0.14;13.94;9737.20;
150;7056.56;0.12;11.81;3086.00;
200;16958.85;0.13;13.41;3947.60;
Parowanie = 0.5; Alfa = 1; Beta = 2; Stala = 5; 
5;0.03;0.00;0.00;0.00;
6;0.07;0.00;0.00;0.00;
7;0.15;0.00;0.00;0.00;
8;0.08;0.00;0.00;0.00;
9;0.52;0.00;0.00;0.00;
10;0.35;0.00;0.00;0.00;
11;2.36;0.01;1.28;2.00;
12;4.89;0.02;1.69;3.00;
13;4.51;0.01;1.15;2.00;
5;0.05;0.00;0.00;0.00;
6;0.28;0.00;0.00;0.00;
7;0.37;0.00;0.00;0.00;
8;0.58;0.00;0.00;0.00;
9;1.18;0.02;1.82;25.00;
10;1.09;0.02;1.76;35.00;
11;1.65;0.01;1.08;30.00;
12;3.45;0.01;0.80;30.00;
13;2.12;0.02;1.60;80.00;
17;13.40;0.09;9.09;7.00;
34;100.95;0.03;2.80;36.00;
65;861.40;0.11;10.57;194.40;
100;2678.67;0.16;16.04;5812.40;
171;10944.67;0.19;19.08;525.60;
14;6.03;0.03;2.65;88.00;
29;58.26;0.08;8.27;133.20;
100;2684.21;0.13;13.30;2831.00;
137;6597.40;0.15;14.61;10202.80;
150;7710.31;0.17;16.97;4435.00;
200;18104.81;0.21;20.77;6114.40;
Parowanie = 0.5; Alfa = 1; Beta = 3; Stala = 5; 
5;0.02;0.00;0.00;0.00;
6;0.04;0.00;0.00;0.00;
7;0.06;0.00;0.00;0.00;
8;0.14;0.00;0.00;0.00;
9;0.85;0.00;0.00;0.00;
10;0.24;0.00;0.00;0.00;
11;2.53;0.01;1.28;2.00;
12;3.35;0.02;1.69;3.00;
13;3.46;0.01;0.57;1.00;
5;0.13;0.00;0.00;0.00;
6;0.07;0.00;0.00;0.00;
7;0.15;0.00;0.00;0.00;
8;0.63;0.01;1.08;10.00;
9;0.84;0.01;1.09;15.00;
10;1.20;0.01;0.50;10.00;
11;1.40;0.01;0.90;25.00;
12;4.11;0.00;0.40;15.00;
13;2.13;0.01;1.20;60.00;
17;12.07;0.09;9.09;7.00;
34;54.55;0.04;3.73;48.00;
65;603.40;0.09;8.91;163.80;
100;2941.33;0.13;13.42;4862.60;
171;8866.77;0.20;20.24;557.60;
14;2.60;0.09;9.09;302.00;
29;50.91;0.07;6.99;112.60;
100;2771.72;0.10;9.52;2025.20;
137;5844.30;0.11;10.78;7528.60;
150;8090.62;0.12;12.37;3231.20;
200;16769.37;0.15;14.57;4287.60;
Parowanie = 0.5; Alfa = 1; Beta = 5; Stala = 5; 
5;0.03;0.00;0.00;0.00;
6;0.04;0.00;0.00;0.00;
7;0.06;0.00;0.00;0.00;
8;0.20;0.00;0.00;0.00;
9;0.18;0.00;0.00;0.00;
10;0.23;0.00;0.00;0.00;
11;1.55;0.01;1.28;2.00;
12;1.07;0.00;0.00;0.00;
13;4.54;0.01;0.57;1.00;
5;0.02;0.00;0.00;0.00;
6;0.07;0.00;0.00;0.00;
7;0.18;0.00;0.00;0.00;
8;0.07;0.00;0.00;0.00;
9;0.90;0.01;1.09;15.00;
10;1.65;0.01;0.76;15.00;
11;1.53;0.01;0.72;20.00;
12;1.92;0.01;1.06;40.00;
13;4.06;0.01;0.70;35.00;
17;9.13;0.06;6.49;5.00;
34;51.83;0.04;3.79;48.80;
65;595.32;0.09;8.84;162.60;
100;1739.00;0.16;15.99;5794.20;
171;8331.49;0.20;20.22;557.00;
14;3.45;0.03;2.65;88.00;
29;43.17;0.07;7.14;115.00;
100;1787.33;0.13;12.57;2674.80;
137;4987.69;0.07;7.38;5158.20;
150;8534.31;0.09;9.40;2455.20;
200;16782.09;0.13;13.22;3892.20;
Parowanie = 0.5; Alfa = 3; Beta = 2; Stala = 5; 
5;0.02;0.00;0.00;0.00;
6;0.06;0.00;0.00;0.00;
7;0.10;0.00;0.00;0.00;
8;0.14;0.00;0.00;0.00;
9;0.18;0.00;0.00;0.00;
10;0.13;0.00;0.00;0.00;
11;2.45;0.01;1.28;2.00;
12;2.68;0.04;3.95;7.00;
13;3.06;0.05;4.60;8.00;
5;0.02;0.00;0.00;0.00;
6;0.04;0.00;0.00;0.00;
7;0.10;0.00;0.00;0.00;
8;1.01;0.01;1.08;10.00;
9;0.94;0.01;1.09;15.00;
10;1.45;0.02;1.76;35.00;
11;2.52;0.01;0.90;25.00;
12;2.97;0.01;1.20;45.00;
13;4.34;0.01;0.80;40.00;
17;9.15;0.03;2.60;2.00;
34;53.24;0.04;3.89;50.00;
65;416.33;0.08;8.18;150.40;
100;1684.45;0.11;11.43;4140.20;
171;6457.37;0.25;25.09;691.20;
14;5.05;0.05;5.45;181.00;
29;31.97;0.12;11.86;191.00;
100;1556.00;0.11;11.26;2395.40;
137;4015.31;0.11;11.12;7768.80;
150;5429.08;0.12;11.68;3051.60;
200;13089.32;0.13;13.28;3908.80;
Parowanie = 0.5; Alfa = 3; Beta = 3; Stala = 5; 
5;0.03;0.00;0.00;0.00;
6;0.04;0.00;0.00;0.00;
7;0.06;0.00;0.00;0.00;
8;0.14;0.00;0.00;0.00;
9;0.23;0.00;0.00;0.00;
10;0.12;0.00;0.00;0.00;
11;1.71;0.04;4.49;7.00;
12;2.66;0.01;1.13;2.00;
13;2.64;0.02;1.72;3.00;
5;0.07;0.00;0.00;0.00;
6;0.04;0.00;0.00;0.00;
7;0.06;0.00;0.00;0.00;
8;0.71;0.01;1.08;10.00;
9;0.86;0.02;2.18;30.00;
10;1.56;0.02;1.51;30.00;
11;1.82;0.01;1.26;35.00;
12;1.74;0.01;1.20;45.00;
13;4.28;0.01;0.84;42.00;
17;5.74;0.00;0.00;0.00;
34;55.92;0.12;11.66;150.00;
65;371.62;0.10;10.17;187.00;
100;1550.64;0.11;11.21;4061.80;
171;6471.50;0.19;19.43;535.20;
14;4.76;0.03;2.65;88.00;
29;33.64;0.06;6.34;102.00;
100;1464.56;0.11;10.85;2309.80;
137;4306.26;0.10;10.10;7052.80;
150;5431.19;0.12;11.56;3019.40;
200;11849.17;0.13;13.48;3969.20;
Parowanie = 0.5; Alfa = 3; Beta = 5; Stala = 5; 
5;0.05;0.00;0.00;0.00;
6;0.04;0.00;0.00;0.00;
7;0.06;0.00;0.00;0.00;
8;0.32;0.00;0.00;0.00;
9;0.23;0.00;0.00;0.00;
10;0.24;0.00;0.00;0.00;
11;1.44;0.01;1.28;2.00;
12;0.56;0.00;0.00;0.00;
13;3.57;0.01;0.92;1.60;
5;0.03;0.00;0.00;0.00;
6;0.07;0.00;0.00;0.00;
7;0.15;0.00;0.00;0.00;
8;0.14;0.00;0.00;0.00;
9;1.19;0.01;0.73;10.00;
10;1.13;0.01;0.76;15.00;
11;1.84;0.01;0.90;25.00;
12;4.24;0.01;0.53;20.00;
13;4.78;0.01;0.50;25.00;
17;9.91;0.23;23.38;18.00;
34;47.08;0.15;15.32;197.00;
65;411.17;0.10;10.17;187.00;
100;1654.38;0.12;12.26;4441.60;
171;7253.52;0.24;24.49;674.80;
14;4.83;0.03;2.65;88.00;
29;28.03;0.06;5.90;95.00;
100;1462.17;0.11;11.48;2443.00;
137;3784.67;0.09;9.10;6357.20;
150;5041.41;0.13;12.72;3323.00;
200;12541.41;0.12;11.64;3426.00;
Parowanie = 0.5; Alfa = 5; Beta = 2; Stala = 5; 
5;0.02;0.00;0.00;0.00;
6;0.07;0.00;0.00;0.00;
7;0.05;0.00;0.00;0.00;
8;0.13;0.00;0.00;0.00;
9;0.18;0.00;0.00;0.00;
10;1.32;0.00;0.47;1.00;
11;1.72;0.01;1.28;2.00;
12;2.51;0.03;2.82;5.00;
13;3.09;0.04;4.02;7.00;
5;0.02;0.00;0.00;0.00;
6;0.13;0.00;0.00;0.00;
7;0.60;0.02;1.72;10.00;
8;0.08;0.00;0.00;0.00;
9;1.29;0.02;1.82;25.00;
10;1.80;0.02;2.27;45.00;
11;2.27;0.02;1.62;45.00;
12;3.16;0.01;1.06;40.00;
13;4.16;0.01;1.20;60.00;
17;8.46;0.03;2.60;2.00;
34;53.11;0.15;15.32;197.00;
65;400.82;0.12;12.31;226.40;
100;1595.39;0.18;18.38;6659.60;
171;6499.70;0.24;23.77;654.80;
14;4.00;0.06;5.69;189.00;
29;32.01;0.06;5.53;89.00;
100;1449.66;0.15;15.13;3220.20;
137;4053.91;0.11;10.99;7673.60;
150;5332.56;0.12;11.63;3038.00;
200;12172.34;0.14;13.99;4119.20;
Parowanie = 0.5; Alfa = 5; Beta = 3; Stala = 5; 
5;0.07;0.00;0.00;0.00;
6;0.04;0.00;0.00;0.00;
7;0.06;0.00;0.00;0.00;
8;0.17;0.00;0.00;0.00;
9;0.22;0.00;0.00;0.00;
10;0.24;0.00;0.00;0.00;
11;1.72;0.01;1.28;2.00;
12;0.59;0.00;0.00;0.00;
13;3.09;0.02;2.30;4.00;
5;0.02;0.00;0.00;0.00;
6;0.45;0.03;2.82;10.00;
7;0.64;0.02;1.72;10.00;
8;0.26;0.00;0.00;0.00;
9;0.86;0.01;1.09;15.00;
10;1.99;0.01;0.50;10.00;
11;1.84;0.01;1.08;30.00;
12;2.63;0.01;0.80;30.00;
13;2.17;0.01;1.10;55.00;
17;9.14;0.17;16.88;13.00;
34;49.90;0.10;9.64;124.00;
65;387.70;0.10;9.70;178.40;
100;1554.80;0.13;12.67;4590.00;
171;6885.66;0.24;23.69;652.60;
14;3.99;0.03;2.65;88.00;
29;28.00;0.12;11.86;191.00;
100;1390.85;0.10;10.11;2152.20;
137;3820.22;0.10;10.14;7082.40;
150;4800.77;0.13;13.49;3526.20;
200;11273.60;0.15;14.95;4400.80;
Parowanie = 0.5; Alfa = 5; Beta = 5; Stala = 5; 
5;0.03;0.00;0.00;0.00;
6;0.07;0.00;0.00;0.00;
7;0.48;0.06;5.56;5.00;
8;0.08;0.00;0.00;0.00;
9;0.36;0.00;0.00;0.00;
10;0.25;0.00;0.00;0.00;
11;1.72;0.02;1.92;3.00;
12;0.55;0.00;0.00;0.00;
13;2.67;0.02;2.30;4.00;
5;0.03;0.00;0.00;0.00;
6;0.04;0.00;0.00;0.00;
7;0.06;0.00;0.00;0.00;
8;0.65;0.01;1.08;10.00;
9;0.44;0.00;0.00;0.00;
10;1.57;0.01;0.76;15.00;
11;1.60;0.01;1.23;34.00;
12;2.31;0.01;1.06;40.00;
13;4.32;0.01;0.80;40.00;
17;8.57;0.09;9.09;7.00;
34;47.22;0.10;10.34;133.00;
65;361.61;0.11;10.80;198.60;
100;1471.66;0.12;12.23;4429.60;
171;5524.61;0.24;24.28;668.80;
14;3.79;0.05;5.24;174.00;
29;24.28;0.08;7.76;125.00;
100;1338.22;0.09;9.37;1994.80;
137;3799.73;0.11;10.98;7672.60;
150;4736.34;0.14;14.02;3664.40;
200;11927.47;0.14;13.75;4046.60;
Parowanie = 0.75; Alfa = 1; Beta = 2; Stala = 5; 
5;0.05;0.00;0.00;0.00;
6;0.10;0.00;0.00;0.00;
7;0.10;0.00;0.00;0.00;
8;0.08;0.00;0.00;0.00;
9;0.35;0.00;0.00;0.00;
10;0.45;0.00;0.00;0.00;
11;2.24;0.00;0.00;0.00;
12;1.59;0.00;0.00;0.00;
13;5.30;0.01;1.15;2.00;
5;0.06;0.00;0.00;0.00;
6;0.25;0.00;0.00;0.00;
7;0.19;0.00;0.00;0.00;
8;0.76;0.02;1.62;15.00;
9;1.18;0.00;0.00;0.00;
10;1.09;0.02;1.76;35.00;
11;1.78;0.01;1.26;35.00;
12;1.88;0.02;2.12;80.00;
13;7.57;0.01;0.50;25.00;
17;10.40;0.06;6.49;5.00;
34;70.01;0.11;11.20;144.00;
65;498.50;0.11;10.53;193.60;
100;2104.47;0.16;15.68;5679.80;
171;8908.45;0.19;18.83;518.80;
14;6.41;0.03;2.65;88.00;
29;37.09;0.08;8.26;133.00;
100;2429.34;0.12;12.16;2588.40;
137;5821.02;0.15;15.25;10651.60;
150;5778.30;0.17;16.66;4354.20;
200;14545.15;0.19;18.78;5528.60;
Parowanie = 0.75; Alfa = 1; Beta = 3; Stala = 5; 
5;0.03;0.00;0.00;0.00;
6;0.07;0.00;0.00;0.00;
7;0.10;0.00;0.00;0.00;
8;0.26;0.00;0.00;0.00;
9;0.27;0.00;0.00;0.00;
10;0.24;0.00;0.00;0.00;
11;2.37;0.01;1.28;2.00;
12;2.80;0.00;0.00;0.00;
13;3.43;0.02;2.30;4.00;
5;0.05;0.00;0.00;0.00;
6;0.07;0.00;0.00;0.00;
7;0.54;0.03;2.59;15.00;
8;0.99;0.01;1.08;10.00;
9;1.19;0.02;1.82;25.00;
10;1.83;0.01;0.76;15.00;
11;1.59;0.02;1.62;45.00;
12;2.05;0.01;0.80;30.00;
13;7.58;0.01;0.90;45.00;
17;8.99;0.05;5.19;4.00;
34;67.29;0.09;9.25;119.00;
65;593.85;0.10;9.84;181.00;
100;1631.35;0.13;13.15;4765.00;
171;9647.98;0.22;21.79;600.20;
14;4.60;0.04;3.80;126.20;
29;40.70;0.08;7.89;127.00;
100;1875.44;0.09;9.43;2007.40;
137;6060.36;0.10;9.78;6828.80;
150;5966.19;0.13;13.16;3440.00;
200;14335.43;0.14;14.01;4125.20;
Parowanie = 0.75; Alfa = 1; Beta = 5; Stala = 5; 
5;0.04;0.00;0.00;0.00;
6;0.04;0.00;0.00;0.00;
7;0.05;0.00;0.00;0.00;
8;0.07;0.00;0.00;0.00;
9;0.09;0.00;0.00;0.00;
10;0.34;0.00;0.00;0.00;
11;0.56;0.00;0.00;0.00;
12;0.71;0.00;0.00;0.00;
13;2.80;0.02;1.72;3.00;
5;0.02;0.00;0.00;0.00;
6;0.10;0.00;0.00;0.00;
7;0.05;0.00;0.00;0.00;
8;0.07;0.00;0.00;0.00;
9;0.58;0.00;0.00;0.00;
10;0.96;0.00;0.00;0.00;
11;1.66;0.01;0.72;20.00;
12;3.08;0.01;1.06;40.00;
13;5.88;0.00;0.40;20.00;
17;8.98;0.06;6.49;5.00;
34;36.51;0.11;11.43;147.00;
65;500.98;0.07;7.31;134.40;
100;1994.57;0.12;11.89;4309.20;
171;6253.34;0.22;21.60;595.20;
14;4.22;0.03;2.65;88.00;
29;33.88;0.10;9.94;160.00;
100;1865.07;0.09;8.78;1868.00;
137;4172.73;0.09;8.54;5968.20;
150;8245.41;0.09;9.43;2463.60;
200;17423.55;0.12;12.21;3595.20;
Parowanie = 0.75; Alfa = 3; Beta = 2; Stala = 5; 
5;0.05;0.00;0.00;0.00;
6;0.04;0.00;0.00;0.00;
7;0.11;0.00;0.00;0.00;
8;0.14;0.00;0.00;0.00;
9;0.10;0.00;0.00;0.00;
10;0.13;0.00;0.00;0.00;
11;1.85;0.10;10.26;16.00;
12;0.90;0.00;0.00;0.00;
13;2.63;0.05;5.17;9.00;
5;0.27;0.07;7.50;15.00;
6;0.04;0.00;0.00;0.00;
7;0.06;0.00;0.00;0.00;
8;0.65;0.08;8.11;75.00;
9;0.85;0.01;1.09;15.00;
10;1.35;0.03;2.77;55.00;
11;1.67;0.02;1.62;45.00;
12;1.93;0.02;1.73;65.00;
13;2.81;0.02;1.91;95.00;
17;4.05;0.10;10.13;7.80;
34;52.51;0.09;8.86;114.00;
65;342.14;0.14;13.64;250.80;
100;1200.82;0.20;20.42;7397.20;
171;5246.61;0.22;21.75;599.20;
14;3.72;0.05;5.45;181.00;
29;29.75;0.12;12.17;196.00;
100;1228.98;0.14;13.74;2924.20;
137;3138.36;0.13;12.78;8928.60;
150;4428.25;0.13;12.86;3360.60;
200;11178.63;0.16;15.75;4636.40;
Parowanie = 0.75; Alfa = 3; Beta = 3; Stala = 5; 
5;0.02;0.00;0.00;0.00;
6;0.04;0.00;0.00;0.00;
7;0.11;0.00;0.00;0.00;
8;0.14;0.00;0.00;0.00;
9;0.18;0.00;0.00;0.00;
10;0.13;0.00;0.00;0.00;
11;1.57;0.03;2.56;4.00;
12;0.72;0.00;0.00;0.00;
13;2.61;0.02;2.30;4.00;
5;0.03;0.00;0.00;0.00;
6;0.07;0.00;0.00;0.00;
7;0.28;0.00;0.00;0.00;
8;0.20;0.00;0.00;0.00;
9;1.11;0.01;1.45;20.00;
10;1.44;0.02;1.76;35.00;
11;1.41;0.02;1.62;45.00;
12;1.76;0.02;1.59;60.00;
13;2.16;0.01;1.40;70.00;
17;8.38;0.03;2.60;2.00;
34;49.76;0.06;5.68;73.00;
65;385.33;0.10;9.98;183.60;
100;1207.70;0.15;14.89;5394.00;
171;5496.96;0.22;22.41;617.40;
14;4.50;0.03;2.65;88.00;
29;27.72;0.15;15.03;242.00;
100;1158.99;0.13;12.88;2741.40;
137;3236.54;0.10;10.38;7249.00;
150;4073.55;0.13;12.97;3388.80;
200;8885.25;0.15;14.54;4279.00;
Parowanie = 0.75; Alfa = 3; Beta = 5; Stala = 5; 
5;0.03;0.00;0.00;0.00;
6;0.04;0.00;0.00;0.00;
7;0.06;0.00;0.00;0.00;
8;0.15;0.00;0.00;0.00;
9;0.28;0.00;0.00;0.00;
10;0.25;0.00;0.00;0.00;
11;1.44;0.01;1.28;2.00;
12;2.17;0.02;2.26;4.00;
13;2.45;0.02;2.30;4.00;
5;0.03;0.00;0.00;0.00;
6;0.07;0.00;0.00;0.00;
7;0.42;0.00;0.00;0.00;
8;0.08;0.00;0.00;0.00;
9;0.10;0.00;0.00;0.00;
10;1.34;0.01;1.01;20.00;
11;1.42;0.01;0.90;25.00;
12;2.12;0.01;1.06;40.00;
13;3.03;0.01;0.80;40.00;
17;7.79;0.36;36.36;28.00;
34;40.53;0.17;17.50;225.00;
65;344.94;0.11;10.76;197.80;
100;1238.88;0.14;13.98;5063.40;
171;5896.85;0.25;24.63;678.60;
14;3.49;0.03;2.65;88.00;
29;26.04;0.11;11.12;179.00;
100;1119.06;0.12;11.78;2506.00;
137;3213.95;0.12;12.10;8449.20;
150;4260.76;0.13;13.10;3422.20;
200;9402.86;0.13;12.71;3741.20;
Parowanie = 0.75; Alfa = 5; Beta = 2; Stala = 5; 
5;0.03;0.00;0.00;0.00;
6;0.04;0.00;0.00;0.00;
7;0.06;0.00;0.00;0.00;
8;0.08;0.00;0.00;0.00;
9;1.04;0.05;4.76;5.00;
10;0.13;0.00;0.00;0.00;
11;1.72;0.02;1.92;3.00;
12;2.16;0.07;6.78;12.00;
13;2.18;0.06;5.75;10.00;
5;0.06;0.00;0.00;0.00;
6;0.07;0.00;0.00;0.00;
7;0.14;0.00;0.00;0.00;
8;0.69;0.01;1.08;10.00;
9;0.85;0.02;1.82;25.00;
10;1.57;0.02;1.76;35.00;
11;1.98;0.02;1.62;45.00;
12;2.66;0.01;0.93;35.00;
13;2.36;0.02;1.50;75.00;
17;6.97;0.12;11.69;9.00;
34;40.46;0.22;22.40;288.00;
65;313.82;0.15;14.82;272.60;
100;1184.62;0.19;18.95;6864.60;
171;5164.70;0.23;22.97;632.80;
14;3.22;0.15;15.29;508.00;
29;26.14;0.19;18.51;298.00;
100;1288.53;0.12;11.61;2469.80;
137;2993.85;0.16;16.25;11353.80;
150;3872.51;0.16;15.75;4116.00;
200;9321.72;0.15;14.58;4291.00;
Parowanie = 0.75; Alfa = 5; Beta = 3; Stala = 5; 
5;0.03;0.00;0.00;0.00;
6;0.07;0.00;0.00;0.00;
7;0.06;0.00;0.00;0.00;
8;0.08;0.00;0.00;0.00;
9;0.10;0.00;0.00;0.00;
10;0.13;0.00;0.00;0.00;
11;1.59;0.01;1.28;2.00;
12;2.16;0.02;1.69;3.00;
13;2.65;0.02;2.30;4.00;
5;0.02;0.00;0.00;0.00;
6;0.07;0.00;0.00;0.00;
7;0.33;0.00;0.00;0.00;
8;0.20;0.00;0.00;0.00;
9;1.03;0.01;1.09;15.00;
10;0.46;0.00;0.00;0.00;
11;1.42;0.01;0.54;15.00;
12;2.67;0.01;1.06;40.00;
13;2.20;0.01;1.30;65.00;
17;8.46;0.03;2.60;2.00;
34;37.42;0.16;16.41;211.00;
65;317.59;0.13;13.17;242.20;
100;1158.27;0.15;15.24;5521.60;
171;4805.37;0.22;22.04;607.20;
14;3.75;0.05;5.45;181.00;
29;28.22;0.05;5.03;81.00;
100;1214.25;0.14;14.44;3073.00;
137;3088.68;0.10;10.00;6984.80;
150;4031.12;0.14;14.46;3779.20;
200;8640.65;0.15;14.81;4359.80;
Parowanie = 0.75; Alfa = 5; Beta = 5; Stala = 5; 
5;0.03;0.00;0.00;0.00;
6;0.04;0.00;0.00;0.00;
7;0.06;0.00;0.00;0.00;
8;0.14;0.00;0.00;0.00;
9;0.10;0.00;0.00;0.00;
10;0.13;0.00;0.00;0.00;
11;1.45;0.03;2.56;4.00;
12;0.37;0.00;0.00;0.00;
13;2.91;0.02;2.30;4.00;
5;0.03;0.00;0.00;0.00;
6;0.04;0.00;0.00;0.00;
7;0.10;0.00;0.00;0.00;
8;0.20;0.00;0.00;0.00;
9;0.95;0.01;1.09;15.00;
10;1.58;0.02;1.76;35.00;
11;1.69;0.01;1.08;30.00;
12;1.95;0.01;1.20;45.00;
13;2.62;0.01;1.10;55.00;
17;7.82;0.36;36.36;28.00;
34;58.01;0.12;11.68;150.20;
65;305.86;0.12;12.10;222.60;
100;1165.36;0.14;14.27;5171.20;
171;4738.77;0.25;25.47;701.80;
14;2.69;0.03;2.65;88.00;
29;24.22;0.07;6.96;112.00;
100;1118.64;0.11;10.84;2307.20;
137;2771.65;0.12;11.74;8200.60;
150;3641.81;0.16;15.58;4071.00;
200;9363.95;0.14;13.97;4113.20;
